# depth_km vs_median_km_s vs_p16 vs_p84
    0.0000     1.6572     1.6559     1.6584
    0.2500     1.6572     1.6559     1.6584
    0.5000     1.6572     1.6559     1.6584
    0.7500     1.6572     1.6559     1.6584
    1.0000     1.6572     1.6559     1.6584
    1.2500     1.6572     1.6559     1.6584
    1.5000     2.7954     2.7876     2.8033
    1.7500     2.7954     2.7876     2.8033
    2.0000     2.7954     2.7876     2.8033
    2.2500     2.7954     2.7876     2.8033
    2.5000     2.7954     2.7876     2.8033
    2.7500     2.7954     2.7876     2.8033
    3.0000     2.7954     2.7876     2.8033
    3.2500     2.7954     2.7876     2.8033
    3.5000     2.7954     2.7876     2.8033
    3.7500     2.7954     2.7876     2.8033
    4.0000     2.7954     2.7876     2.8033
    4.2500     2.7954     2.7876     2.8033
    4.5000     2.7954     2.7876     2.8033
    4.7500     2.7954     2.7876     2.8033
    5.0000     2.7954     2.7876     2.8033
    5.2500     2.7954     2.7876     2.8033
    5.5000     2.8942     2.7976     2.9876
    5.7500     2.9189     2.8494     2.9876
    6.0000     2.9189     2.8494     2.9876
    6.2500     2.9189     2.8494     2.9876
    6.5000     2.9189     2.8494     2.9876
    6.7500     2.9189     2.8494     2.9876
    7.0000     2.9189     2.8494     2.9876
    7.2500     2.9189     2.8494     2.9876
    7.5000     2.9189     2.8494     2.9876
    7.7500     2.9189     2.8494     2.9876
    8.0000     2.9189     2.8494     2.9876
    8.2500     2.9189     2.8494     2.9876
    8.5000     2.9189     2.8494     2.9876
    8.7500     2.9189     2.8494     2.9876
    9.0000     2.9189     2.8494     2.9876
    9.2500     2.9189     2.8494     2.9876
    9.5000     2.9189     2.8494     2.9876
    9.7500     2.9189     2.8494     2.9876
   10.0000     2.9189     2.8494     2.9876
   10.2500     2.9189     2.8494     2.9876
   10.5000     2.9189     2.8494     2.9876
   10.7500     2.9189     2.8494     2.9876
   11.0000     2.9189     2.8494     2.9876
   11.2500     2.9189     2.8494     3.0110
   11.5000     2.9870     2.8712     3.1285
   11.7500     3.0351     2.9073     3.1285
   12.0000     3.0351     2.9073     3.1285
   12.2500     3.0351     2.9073     3.1285
   12.5000     3.0351     2.9073     3.1285
   12.7500     3.0351     2.9073     3.1285
   13.0000     3.0351     2.9073     3.1285
   13.2500     3.0351     2.9073     3.1285
   13.5000     3.0351     2.9073     3.1285
   13.7500     3.0351     2.9073     3.1285
   14.0000     3.0351     2.9073     3.1285
   14.2500     3.0351     2.9073     3.1285
   14.5000     3.0351     2.9073     3.1285
   14.7500     3.0351     2.9073     3.1285
   15.0000     3.0351     2.9073     3.1285
   15.2500     3.0351     2.9073     3.1285
   15.5000     3.0351     2.9073     3.1285
   15.7500     3.0351     2.9073     3.1285
   16.0000     3.0351     2.9073     3.1285
   16.2500     3.0351     2.9073     3.1285
   16.5000     3.0351     2.9073     3.1285
   16.7500     3.0351     2.9073     3.1285
   17.0000     3.0351     2.9073     3.1285
   17.2500     3.0351     2.9073     3.1285
   17.5000     3.0351     2.9073     3.1285
   17.7500     3.0351     2.9073     3.1285
   18.0000     3.0351     2.9073     3.1285
   18.2500     3.0351     2.9073     3.1285
   18.5000     3.0351     2.9073     3.1285
   18.7500     3.0351     2.9073     3.1285
   19.0000     3.0351     2.9073     3.1285
   19.2500     3.0377     2.9073     3.2824
   19.5000     3.0377     2.9073     3.2857
   19.7500     3.1276     2.9468     3.2906
   20.0000     3.2144     3.0800     3.2906
   20.2500     3.2144     3.0836     3.2906
   20.5000     3.2144     3.0836     3.2906
   20.7500     3.2144     3.0836     3.2906
   21.0000     3.2144     3.0836     3.2906
   21.2500     3.2144     3.0836     3.2906
   21.5000     3.2144     3.0836     3.2906
   21.7500     3.2144     3.0836     3.2906
   22.0000     3.2144     3.0836     3.2906
   22.2500     3.2144     3.0836     3.2906
   22.5000     3.2144     3.0836     3.2906
   22.7500     3.2144     3.0836     3.2906
   23.0000     3.2144     3.0836     3.2906
   23.2500     3.2144     3.0836     3.2906
   23.5000     3.2144     3.0836     3.2906
   23.7500     3.2144     3.0836     3.2906
   24.0000     3.2144     3.0836     3.2906
   24.2500     3.2144     3.0836     3.2906
   24.5000     3.2144     3.0836     3.2906
   24.7500     3.2144     3.0836     3.2906
   25.0000     3.2144     3.0836     3.2906
   25.2500     3.2144     3.0836     3.2906
   25.5000     3.2144     3.0836     3.2906
   25.7500     3.2144     3.0836     3.2906
   26.0000     3.2144     3.0836     3.2906
   26.2500     3.2144     3.0836     3.2906
   26.5000     3.2144     3.0836     3.2906
   26.7500     3.2144     3.0836     3.2906
   27.0000     3.2144     3.0836     3.2906
   27.2500     3.2144     3.0836     3.2906
   27.5000     3.2144     3.0836     3.2906
   27.7500     3.2144     3.0836     3.2906
   28.0000     3.2144     3.0836     3.2906
   28.2500     3.2144     3.0836     3.2906
   28.5000     3.2144     3.0836     3.2906
   28.7500     3.2144     3.0836     3.2906
   29.0000     3.2144     3.0836     3.2906
   29.2500     3.2163     3.0836     3.4146
   29.5000     3.2406     3.0836     3.4309
   29.7500     3.2406     3.0836     3.4309
   30.0000     3.2960     3.1012     3.4309
   30.2500     3.2960     3.1924     3.4309
   30.5000     3.2960     3.1924     3.4309
   30.7500     3.2960     3.1924     3.4309
   31.0000     3.2960     3.1924     3.4309
   31.2500     3.2960     3.1924     3.4309
   31.5000     3.2960     3.1924     3.4309
   31.7500     3.2960     3.1924     3.4309
   32.0000     3.2960     3.1924     3.4309
   32.2500     3.2960     3.1924     3.4309
   32.5000     3.2960     3.1924     3.4309
   32.7500     3.2960     3.1924     3.4309
   33.0000     3.2960     3.1924     3.4309
   33.2500     3.2960     3.1924     3.4309
   33.5000     3.2960     3.1924     3.4309
   33.7500     3.2960     3.1924     3.4309
   34.0000     3.2960     3.1924     3.4309
   34.2500     3.2960     3.1924     3.4309
   34.5000     3.2960     3.1924     3.4309
   34.7500     3.2960     3.1924     3.4309
   35.0000     3.2960     3.1924     3.4309
   35.2500     3.2960     3.1924     3.4309
   35.5000     3.2960     3.1924     3.4309
   35.7500     3.2960     3.1924     3.4309
   36.0000     3.2960     3.1924     3.4309
   36.2500     3.2960     3.1924     3.4309
   36.5000     3.2960     3.1924     3.4309
   36.7500     3.2960     3.1924     3.4309
   37.0000     3.2960     3.1924     3.4309
   37.2500     3.2960     3.1924     3.4309
   37.5000     3.2960     3.1924     3.4309
   37.7500     3.2960     3.1924     3.4309
   38.0000     3.2960     3.1924     3.4309
   38.2500     3.2960     3.1924     3.4309
   38.5000     3.2960     3.1924     3.4309
   38.7500     3.2960     3.1924     3.4309
   39.0000     3.2960     3.1924     3.4309
   39.2500     3.2960     3.1924     3.4309
   39.5000     3.2960     3.1924     3.4309
   39.7500     3.2960     3.1924     3.4309
   40.0000     3.2960     3.1924     3.4309
   40.2500     3.2960     3.1924     3.4309
   40.5000     3.2960     3.1924     3.4309
   40.7500     3.2960     3.1924     3.4309
   41.0000     3.2960     3.1924     3.4309
   41.2500     3.2960     3.1924     3.4309
   41.5000     3.2960     3.1924     3.4309
   41.7500     3.2960     3.1924     3.4309
   42.0000     3.2960     3.1924     3.4309
   42.2500     3.2960     3.1924     3.4309
   42.5000     3.2960     3.1924     3.4309
   42.7500     3.2960     3.1924     3.4309
   43.0000     3.2960     3.1924     3.4309
   43.2500     3.2960     3.1924     3.4309
   43.5000     3.2960     3.1924     3.4309
   43.7500     3.2960     3.1924     3.4309
   44.0000     3.2960     3.1924     3.4309
   44.2500     3.2960     3.1924     3.4309
   44.5000     3.2960     3.1924     3.4309
   44.7500     3.2960     3.1924     3.4309
   45.0000     3.2960     3.1924     3.4309
   45.2500     3.2960     3.1924     3.4309
   45.5000     3.2960     3.1924     3.4309
   45.7500     3.2960     3.1924     3.4309
   46.0000     3.2960     3.1924     3.4309
   46.2500     3.2960     3.1924     3.4309
   46.5000     3.2960     3.1924     3.4309
   46.7500     3.2960     3.1924     3.4309
   47.0000     3.2960     3.1924     3.4309
   47.2500     3.2960     3.1924     3.4309
   47.5000     3.2960     3.1924     3.4309
   47.7500     3.2960     3.1924     3.4309
   48.0000     3.2960     3.1924     3.4309
   48.2500     3.2960     3.1924     3.4309
   48.5000     3.2960     3.1924     3.4309
   48.7500     3.2960     3.1924     3.4309
   49.0000     3.2960     3.1924     3.4309
   49.2500     3.2960     3.1924     3.4309
   49.5000     3.2960     3.1924     3.4309
   49.7500     3.2960     3.1924     3.4309
   50.0000     3.2960     3.1924     3.4309
   50.2500     3.2960     3.1924     3.4309
   50.5000     3.2960     3.1924     3.4309
   50.7500     3.2960     3.1924     3.4309
   51.0000     3.2960     3.1924     3.4309
   51.2500     3.2960     3.1924     3.4309
   51.5000     3.2960     3.1924     3.4309
   51.7500     3.2960     3.1924     3.4309
   52.0000     3.2960     3.1924     3.4309
   52.2500     3.2960     3.1924     3.4309
   52.5000     3.2960     3.1924     3.4309
   52.7500     3.2960     3.1924     3.4309
   53.0000     3.2960     3.1924     3.4309
   53.2500     3.2960     3.1924     3.4309
   53.5000     3.2960     3.1924     3.4309
   53.7500     3.2960     3.1924     3.4309
   54.0000     3.2960     3.1924     3.4309
   54.2500     3.2960     3.1924     3.4309
   54.5000     3.2960     3.1924     3.4309
   54.7500     3.2960     3.1924     3.4309
   55.0000     3.2960     3.1924     3.4309
   55.2500     3.2960     3.1924     3.4309
   55.5000     3.2960     3.1924     3.4309
   55.7500     3.2960     3.1924     3.4309
   56.0000     3.2960     3.1924     3.4309
   56.2500     3.2960     3.1924     3.4309
   56.5000     3.2960     3.1924     3.4309
   56.7500     3.2960     3.1924     3.4309
   57.0000     3.2960     3.1924     3.4309
   57.2500     3.2960     3.1924     3.4309
   57.5000     3.2960     3.1924     3.4309
   57.7500     3.2960     3.1924     3.4309
   58.0000     3.2960     3.1924     3.4309
   58.2500     3.2960     3.1924     3.4309
   58.5000     3.2960     3.1924     3.4435
   58.7500     3.2960     3.1924     3.5189
   59.0000     3.2960     3.1924     3.5294
   59.2500     3.2985     3.2029     3.5848
   59.5000     3.3628     3.2582     3.6366
   59.7500     3.3932     3.2684     3.6510
   60.0000     3.4332     3.2733     3.6788
