# depth_km vs_median_km_s vs_p16 vs_p84
    0.0000     1.9589     1.9542     1.9637
    0.2500     1.9589     1.9542     1.9637
    0.5000     1.9589     1.9542     1.9637
    0.7500     1.9589     1.9542     1.9637
    1.0000     1.9589     1.9542     1.9637
    1.2500     1.9589     1.9542     1.9637
    1.5000     1.9589     1.9542     1.9637
    1.7500     1.9589     1.9542     1.9637
    2.0000     2.3338     2.3121     2.3494
    2.2500     2.3338     2.3121     2.3494
    2.5000     2.3338     2.3121     2.3494
    2.7500     2.3338     2.3121     2.3494
    3.0000     2.3338     2.3121     2.3494
    3.2500     2.3338     2.3121     2.3494
    3.5000     2.3338     2.3121     2.3494
    3.7500     2.3338     2.3121     2.3494
    4.0000     2.3338     2.3121     2.3494
    4.2500     2.3338     2.3121     2.3494
    4.5000     2.3338     2.3121     2.3494
    4.7500     2.3338     2.3121     2.3494
    5.0000     2.3338     2.3121     2.3494
    5.2500     2.3338     2.3121     2.3494
    5.5000     2.3338     2.3121     2.3494
    5.7500     2.3385     2.3140     2.3751
    6.0000     2.4766     2.4041     2.5189
    6.2500     2.4804     2.4355     2.5206
    6.5000     2.4804     2.4355     2.5206
    6.7500     2.4804     2.4355     2.5206
    7.0000     2.4804     2.4355     2.5206
    7.2500     2.4804     2.4355     2.5206
    7.5000     2.4804     2.4355     2.5206
    7.7500     2.4804     2.4355     2.5206
    8.0000     2.4804     2.4355     2.5206
    8.2500     2.4804     2.4355     2.5206
    8.5000     2.4804     2.4355     2.5206
    8.7500     2.4804     2.4355     2.5206
    9.0000     2.4804     2.4355     2.5206
    9.2500     2.4804     2.4355     2.5206
    9.5000     2.4804     2.4355     2.5206
    9.7500     2.4804     2.4355     2.5206
   10.0000     2.4804     2.4355     2.5206
   10.2500     2.4804     2.4355     2.5206
   10.5000     2.4804     2.4355     2.5206
   10.7500     2.4804     2.4355     2.5206
   11.0000     2.4804     2.4355     2.5206
   11.2500     2.4804     2.4355     2.5206
   11.5000     2.4816     2.4355     2.5216
   11.7500     2.7547     2.4448     2.8131
   12.0000     2.7934     2.4606     2.8302
   12.2500     2.7994     2.7552     2.8329
   12.5000     2.7994     2.7552     2.8329
   12.7500     2.7994     2.7552     2.8329
   13.0000     2.7994     2.7552     2.8329
   13.2500     2.7994     2.7552     2.8329
   13.5000     2.7994     2.7552     2.8329
   13.7500     2.7994     2.7552     2.8329
   14.0000     2.7994     2.7552     2.8329
   14.2500     2.7994     2.7552     2.8329
   14.5000     2.7994     2.7552     2.8329
   14.7500     2.7994     2.7552     2.8329
   15.0000     2.7994     2.7552     2.8329
   15.2500     2.7994     2.7552     2.8329
   15.5000     2.7994     2.7552     2.8329
   15.7500     2.7994     2.7552     2.8329
   16.0000     2.7994     2.7552     2.8329
   16.2500     2.7994     2.7552     2.8329
   16.5000     2.7994     2.7552     2.8329
   16.7500     2.7994     2.7552     2.8329
   17.0000     2.7994     2.7552     2.8329
   17.2500     2.7994     2.7552     2.8329
   17.5000     2.7994     2.7552     2.8329
   17.7500     2.7994     2.7552     2.8329
   18.0000     2.7994     2.7552     2.8329
   18.2500     2.7994     2.7552     2.8329
   18.5000     2.7994     2.7552     2.8329
   18.7500     2.7994     2.7552     2.8329
   19.0000     2.7994     2.7552     2.8329
   19.2500     2.7994     2.7552     2.8329
   19.5000     2.8100     2.7650     2.8503
   19.7500     2.8320     2.7771     3.0431
   20.0000     2.9882     2.7997     3.0662
   20.2500     3.0380     2.9420     3.0974
   20.5000     3.0381     2.9421     3.0974
   20.7500     3.0381     2.9421     3.0974
   21.0000     3.0381     2.9421     3.0974
   21.2500     3.0381     2.9421     3.0974
   21.5000     3.0381     2.9421     3.0974
   21.7500     3.0381     2.9421     3.0974
   22.0000     3.0381     2.9421     3.0974
   22.2500     3.0381     2.9421     3.0974
   22.5000     3.0381     2.9421     3.0974
   22.7500     3.0381     2.9421     3.0974
   23.0000     3.0381     2.9421     3.0974
   23.2500     3.0381     2.9421     3.0974
   23.5000     3.0381     2.9421     3.0974
   23.7500     3.0381     2.9421     3.0974
   24.0000     3.0381     2.9421     3.0974
   24.2500     3.0381     2.9421     3.0974
   24.5000     3.0381     2.9421     3.0974
   24.7500     3.0381     2.9421     3.0974
   25.0000     3.0381     2.9421     3.0974
   25.2500     3.0381     2.9421     3.0974
   25.5000     3.0381     2.9421     3.0974
   25.7500     3.0381     2.9421     3.0974
   26.0000     3.0381     2.9421     3.0974
   26.2500     3.0381     2.9421     3.0974
   26.5000     3.0381     2.9421     3.0974
   26.7500     3.0381     2.9421     3.0974
   27.0000     3.0381     2.9421     3.0974
   27.2500     3.0381     2.9421     3.0974
   27.5000     3.0381     2.9421     3.0974
   27.7500     3.0381     2.9421     3.0974
   28.0000     3.0381     2.9421     3.0974
   28.2500     3.0381     2.9421     3.0974
   28.5000     3.0381     2.9421     3.0974
   28.7500     3.0381     2.9421     3.0974
   29.0000     3.0381     2.9421     3.0974
   29.2500     3.0403     2.9645     3.0974
   29.5000     3.0574     2.9760     3.1264
   29.7500     3.0789     2.9772     3.1571
   30.0000     3.1436     2.9772     3.2432
   30.2500     3.1670     3.0799     3.2821
   30.5000     3.1709     3.0847     3.2821
   30.7500     3.1709     3.0847     3.2821
   31.0000     3.1709     3.0847     3.2821
   31.2500     3.1709     3.0847     3.2821
   31.5000     3.1709     3.0847     3.2821
   31.7500     3.1709     3.0847     3.2821
   32.0000     3.1709     3.0847     3.2821
   32.2500     3.1709     3.0847     3.2821
   32.5000     3.1709     3.0847     3.2821
   32.7500     3.1709     3.0847     3.2821
   33.0000     3.1709     3.0847     3.2821
   33.2500     3.1709     3.0847     3.2821
   33.5000     3.1709     3.0847     3.2821
   33.7500     3.1709     3.0847     3.2821
   34.0000     3.1709     3.0847     3.2821
   34.2500     3.1709     3.0847     3.2821
   34.5000     3.1709     3.0847     3.2821
   34.7500     3.1709     3.0847     3.2821
   35.0000     3.1709     3.0847     3.2821
   35.2500     3.1709     3.0847     3.2821
   35.5000     3.1709     3.0847     3.2821
   35.7500     3.1709     3.0847     3.2821
   36.0000     3.1709     3.0847     3.2821
   36.2500     3.1709     3.0847     3.2821
   36.5000     3.1709     3.0847     3.2821
   36.7500     3.1709     3.0847     3.2821
   37.0000     3.1709     3.0847     3.2821
   37.2500     3.1709     3.0847     3.2821
   37.5000     3.1709     3.0847     3.2821
   37.7500     3.1709     3.0847     3.2821
   38.0000     3.1709     3.0847     3.2821
   38.2500     3.1709     3.0847     3.2821
   38.5000     3.1709     3.0847     3.2821
   38.7500     3.1709     3.0847     3.2821
   39.0000     3.1709     3.0847     3.2821
   39.2500     3.1709     3.0847     3.2821
   39.5000     3.1709     3.0847     3.2821
   39.7500     3.1709     3.0847     3.2821
   40.0000     3.1709     3.0847     3.2821
   40.2500     3.1709     3.0847     3.2821
   40.5000     3.1709     3.0847     3.2821
   40.7500     3.1709     3.0847     3.2821
   41.0000     3.1709     3.0847     3.2821
   41.2500     3.1709     3.0847     3.2821
   41.5000     3.1709     3.0847     3.2821
   41.7500     3.1709     3.0847     3.2821
   42.0000     3.1709     3.0847     3.2821
   42.2500     3.1709     3.0847     3.2821
   42.5000     3.1709     3.0847     3.2821
   42.7500     3.1709     3.0847     3.2821
   43.0000     3.1709     3.0847     3.2821
   43.2500     3.1709     3.0847     3.2821
   43.5000     3.1709     3.0847     3.2821
   43.7500     3.1709     3.0847     3.2821
   44.0000     3.1709     3.0847     3.2821
   44.2500     3.1709     3.0847     3.2821
   44.5000     3.1709     3.0847     3.2821
   44.7500     3.1709     3.0847     3.2821
   45.0000     3.1709     3.0847     3.2821
   45.2500     3.1709     3.0847     3.2821
   45.5000     3.1709     3.0847     3.2821
   45.7500     3.1709     3.0847     3.2821
   46.0000     3.1709     3.0847     3.2821
   46.2500     3.1709     3.0847     3.2821
   46.5000     3.1709     3.0847     3.2821
   46.7500     3.1709     3.0847     3.2821
   47.0000     3.1709     3.0847     3.2821
   47.2500     3.1709     3.0847     3.2821
   47.5000     3.1709     3.0847     3.2821
   47.7500     3.1709     3.0847     3.2821
   48.0000     3.1709     3.0847     3.2821
   48.2500     3.1709     3.0847     3.2821
   48.5000     3.1709     3.0847     3.2821
   48.7500     3.1709     3.0847     3.2821
   49.0000     3.1709     3.0847     3.2821
   49.2500     3.1709     3.0847     3.2821
   49.5000     3.1709     3.0847     3.2821
   49.7500     3.1709     3.0847     3.2821
   50.0000     3.1709     3.0847     3.2821
   50.2500     3.1709     3.0847     3.2821
   50.5000     3.1709     3.0847     3.2821
   50.7500     3.1709     3.0847     3.2821
   51.0000     3.1709     3.0847     3.2821
   51.2500     3.1709     3.0847     3.2821
   51.5000     3.1709     3.0847     3.2821
   51.7500     3.1709     3.0847     3.2821
   52.0000     3.1709     3.0847     3.2821
   52.2500     3.1709     3.0847     3.2821
   52.5000     3.1709     3.0847     3.2821
   52.7500     3.1709     3.0847     3.2821
   53.0000     3.1709     3.0847     3.2821
   53.2500     3.1709     3.0847     3.2821
   53.5000     3.1709     3.0847     3.2821
   53.7500     3.1709     3.0847     3.2821
   54.0000     3.1709     3.0847     3.2821
   54.2500     3.1709     3.0847     3.2821
   54.5000     3.1709     3.0847     3.2821
   54.7500     3.1709     3.0847     3.2821
   55.0000     3.1709     3.0847     3.2821
   55.2500     3.1709     3.0847     3.2821
   55.5000     3.1709     3.0847     3.2821
   55.7500     3.1709     3.0847     3.2821
   56.0000     3.1709     3.0847     3.2821
   56.2500     3.1709     3.0847     3.2821
   56.5000     3.1709     3.0847     3.2821
   56.7500     3.1709     3.0847     3.2821
   57.0000     3.1709     3.0847     3.2821
   57.2500     3.1709     3.0847     3.2821
   57.5000     3.1709     3.0847     3.2821
   57.7500     3.1709     3.0847     3.2821
   58.0000     3.1709     3.0847     3.2821
   58.2500     3.1709     3.0847     3.2821
   58.5000     3.1723     3.0851     3.2826
   58.7500     3.2067     3.0997     3.3060
   59.0000     3.2319     3.1052     3.3331
   59.2500     3.2720     3.1245     3.3861
   59.5000     3.2977     3.1530     3.4684
   59.7500     3.3193     3.2001     3.4875
   60.0000     3.3430     3.2258     3.5477
