# depth_km vs_median_km_s vs_p16 vs_p84
    0.0000     1.9439     1.9398     1.9472
    0.2500     1.9439     1.9398     1.9472
    0.5000     1.9439     1.9398     1.9472
    0.7500     1.9439     1.9398     1.9472
    1.0000     1.9439     1.9398     1.9472
    1.2500     1.9439     1.9398     1.9472
    1.5000     1.9439     1.9398     1.9472
    1.7500     1.9439     1.9398     1.9472
    2.0000     2.3703     2.3433     2.4121
    2.2500     2.3703     2.3433     2.4121
    2.5000     2.3703     2.3433     2.4121
    2.7500     2.3703     2.3433     2.4121
    3.0000     2.3703     2.3433     2.4121
    3.2500     2.3703     2.3433     2.4121
    3.5000     2.3703     2.3433     2.4121
    3.7500     2.3703     2.3433     2.4121
    4.0000     2.3703     2.3433     2.4121
    4.2500     2.3703     2.3433     2.4121
    4.5000     2.3703     2.3433     2.4121
    4.7500     2.3703     2.3433     2.4121
    5.0000     2.3703     2.3433     2.4121
    5.2500     2.3703     2.3433     2.4121
    5.5000     2.3703     2.3433     2.4121
    5.7500     2.3986     2.3474     2.5643
    6.0000     2.5584     2.4626     2.6451
    6.2500     2.5863     2.5252     2.6673
    6.5000     2.5863     2.5252     2.6673
    6.7500     2.5863     2.5252     2.6673
    7.0000     2.5863     2.5252     2.6673
    7.2500     2.5863     2.5252     2.6673
    7.5000     2.5863     2.5252     2.6673
    7.7500     2.5863     2.5252     2.6673
    8.0000     2.5863     2.5252     2.6673
    8.2500     2.5863     2.5252     2.6673
    8.5000     2.5863     2.5252     2.6673
    8.7500     2.5863     2.5252     2.6673
    9.0000     2.5863     2.5252     2.6673
    9.2500     2.5863     2.5252     2.6673
    9.5000     2.5863     2.5252     2.6673
    9.7500     2.5863     2.5252     2.6673
   10.0000     2.5863     2.5252     2.6673
   10.2500     2.5863     2.5252     2.6673
   10.5000     2.5863     2.5252     2.6673
   10.7500     2.5863     2.5252     2.6673
   11.0000     2.5863     2.5252     2.6673
   11.2500     2.5863     2.5252     2.6673
   11.5000     2.5905     2.5267     2.6706
   11.7500     2.6622     2.5423     2.7983
   12.0000     2.7361     2.6538     2.8655
   12.2500     2.7528     2.6568     2.8770
   12.5000     2.7528     2.6568     2.8770
   12.7500     2.7528     2.6568     2.8770
   13.0000     2.7528     2.6568     2.8770
   13.2500     2.7528     2.6568     2.8770
   13.5000     2.7528     2.6568     2.8770
   13.7500     2.7528     2.6568     2.8770
   14.0000     2.7528     2.6568     2.8770
   14.2500     2.7528     2.6568     2.8770
   14.5000     2.7528     2.6568     2.8770
   14.7500     2.7528     2.6568     2.8770
   15.0000     2.7528     2.6568     2.8770
   15.2500     2.7528     2.6568     2.8770
   15.5000     2.7528     2.6568     2.8770
   15.7500     2.7528     2.6568     2.8770
   16.0000     2.7528     2.6568     2.8770
   16.2500     2.7528     2.6568     2.8770
   16.5000     2.7528     2.6568     2.8770
   16.7500     2.7528     2.6568     2.8770
   17.0000     2.7528     2.6568     2.8770
   17.2500     2.7528     2.6568     2.8770
   17.5000     2.7528     2.6568     2.8770
   17.7500     2.7528     2.6568     2.8770
   18.0000     2.7528     2.6568     2.8770
   18.2500     2.7528     2.6568     2.8770
   18.5000     2.7528     2.6568     2.8770
   18.7500     2.7528     2.6568     2.8770
   19.0000     2.7528     2.6568     2.8770
   19.2500     2.7528     2.6568     2.8770
   19.5000     2.7727     2.6678     2.8781
   19.7500     2.8108     2.6756     2.9302
   20.0000     2.8421     2.7072     2.9516
   20.2500     2.9002     2.7738     3.0239
   20.5000     2.9026     2.7738     3.0391
   20.7500     2.9026     2.7738     3.0391
   21.0000     2.9026     2.7738     3.0391
   21.2500     2.9026     2.7738     3.0391
   21.5000     2.9026     2.7738     3.0391
   21.7500     2.9026     2.7738     3.0391
   22.0000     2.9026     2.7738     3.0391
   22.2500     2.9026     2.7738     3.0391
   22.5000     2.9026     2.7738     3.0391
   22.7500     2.9026     2.7738     3.0391
   23.0000     2.9026     2.7738     3.0391
   23.2500     2.9026     2.7738     3.0391
   23.5000     2.9026     2.7738     3.0391
   23.7500     2.9026     2.7738     3.0391
   24.0000     2.9026     2.7738     3.0391
   24.2500     2.9026     2.7738     3.0391
   24.5000     2.9026     2.7738     3.0391
   24.7500     2.9026     2.7738     3.0391
   25.0000     2.9026     2.7738     3.0391
   25.2500     2.9026     2.7738     3.0391
   25.5000     2.9026     2.7738     3.0391
   25.7500     2.9026     2.7738     3.0391
   26.0000     2.9026     2.7738     3.0391
   26.2500     2.9026     2.7738     3.0391
   26.5000     2.9026     2.7738     3.0391
   26.7500     2.9026     2.7738     3.0391
   27.0000     2.9026     2.7738     3.0391
   27.2500     2.9026     2.7738     3.0391
   27.5000     2.9026     2.7738     3.0391
   27.7500     2.9026     2.7738     3.0391
   28.0000     2.9026     2.7738     3.0391
   28.2500     2.9026     2.7738     3.0391
   28.5000     2.9026     2.7738     3.0391
   28.7500     2.9026     2.7738     3.0391
   29.0000     2.9026     2.7738     3.0391
   29.2500     2.9026     2.7738     3.0391
   29.5000     2.9147     2.7941     3.0406
   29.7500     2.9430     2.8085     3.0633
   30.0000     2.9447     2.8085     3.1194
   30.2500     2.9834     2.8575     3.1273
   30.5000     3.0115     2.8731     3.1567
   30.7500     3.0115     2.8731     3.1567
   31.0000     3.0115     2.8731     3.1567
   31.2500     3.0115     2.8731     3.1567
   31.5000     3.0115     2.8731     3.1567
   31.7500     3.0115     2.8731     3.1567
   32.0000     3.0115     2.8731     3.1567
   32.2500     3.0115     2.8731     3.1567
   32.5000     3.0115     2.8731     3.1567
   32.7500     3.0115     2.8731     3.1567
   33.0000     3.0115     2.8731     3.1567
   33.2500     3.0115     2.8731     3.1567
   33.5000     3.0115     2.8731     3.1567
   33.7500     3.0115     2.8731     3.1567
   34.0000     3.0115     2.8731     3.1567
   34.2500     3.0115     2.8731     3.1567
   34.5000     3.0115     2.8731     3.1567
   34.7500     3.0115     2.8731     3.1567
   35.0000     3.0115     2.8731     3.1567
   35.2500     3.0115     2.8731     3.1567
   35.5000     3.0115     2.8731     3.1567
   35.7500     3.0115     2.8731     3.1567
   36.0000     3.0115     2.8731     3.1567
   36.2500     3.0115     2.8731     3.1567
   36.5000     3.0115     2.8731     3.1567
   36.7500     3.0115     2.8731     3.1567
   37.0000     3.0115     2.8731     3.1567
   37.2500     3.0115     2.8731     3.1567
   37.5000     3.0115     2.8731     3.1567
   37.7500     3.0115     2.8731     3.1567
   38.0000     3.0115     2.8731     3.1567
   38.2500     3.0115     2.8731     3.1567
   38.5000     3.0115     2.8731     3.1567
   38.7500     3.0115     2.8731     3.1567
   39.0000     3.0115     2.8731     3.1567
   39.2500     3.0115     2.8731     3.1567
   39.5000     3.0115     2.8731     3.1567
   39.7500     3.0115     2.8731     3.1567
   40.0000     3.0115     2.8731     3.1567
   40.2500     3.0115     2.8731     3.1567
   40.5000     3.0115     2.8731     3.1567
   40.7500     3.0115     2.8731     3.1567
   41.0000     3.0115     2.8731     3.1567
   41.2500     3.0115     2.8731     3.1567
   41.5000     3.0115     2.8731     3.1567
   41.7500     3.0115     2.8731     3.1567
   42.0000     3.0115     2.8731     3.1567
   42.2500     3.0115     2.8731     3.1567
   42.5000     3.0115     2.8731     3.1567
   42.7500     3.0115     2.8731     3.1567
   43.0000     3.0115     2.8731     3.1567
   43.2500     3.0115     2.8731     3.1567
   43.5000     3.0115     2.8731     3.1567
   43.7500     3.0115     2.8731     3.1567
   44.0000     3.0115     2.8731     3.1567
   44.2500     3.0115     2.8731     3.1567
   44.5000     3.0115     2.8731     3.1567
   44.7500     3.0115     2.8731     3.1567
   45.0000     3.0115     2.8731     3.1567
   45.2500     3.0115     2.8731     3.1567
   45.5000     3.0115     2.8731     3.1567
   45.7500     3.0115     2.8731     3.1567
   46.0000     3.0115     2.8731     3.1567
   46.2500     3.0115     2.8731     3.1567
   46.5000     3.0115     2.8731     3.1567
   46.7500     3.0115     2.8731     3.1567
   47.0000     3.0115     2.8731     3.1567
   47.2500     3.0115     2.8731     3.1567
   47.5000     3.0115     2.8731     3.1567
   47.7500     3.0115     2.8731     3.1567
   48.0000     3.0115     2.8731     3.1567
   48.2500     3.0115     2.8731     3.1567
   48.5000     3.0115     2.8731     3.1567
   48.7500     3.0115     2.8731     3.1567
   49.0000     3.0115     2.8731     3.1567
   49.2500     3.0115     2.8731     3.1567
   49.5000     3.0115     2.8731     3.1567
   49.7500     3.0115     2.8731     3.1567
   50.0000     3.0115     2.8731     3.1567
   50.2500     3.0115     2.8731     3.1567
   50.5000     3.0115     2.8731     3.1567
   50.7500     3.0115     2.8731     3.1567
   51.0000     3.0115     2.8731     3.1567
   51.2500     3.0115     2.8731     3.1567
   51.5000     3.0115     2.8731     3.1567
   51.7500     3.0115     2.8731     3.1567
   52.0000     3.0115     2.8731     3.1567
   52.2500     3.0115     2.8731     3.1567
   52.5000     3.0115     2.8731     3.1567
   52.7500     3.0115     2.8731     3.1567
   53.0000     3.0115     2.8731     3.1567
   53.2500     3.0115     2.8731     3.1567
   53.5000     3.0115     2.8731     3.1567
   53.7500     3.0115     2.8731     3.1567
   54.0000     3.0115     2.8731     3.1567
   54.2500     3.0115     2.8731     3.1567
   54.5000     3.0115     2.8731     3.1567
   54.7500     3.0115     2.8731     3.1567
   55.0000     3.0115     2.8731     3.1567
   55.2500     3.0115     2.8731     3.1567
   55.5000     3.0115     2.8731     3.1567
   55.7500     3.0115     2.8731     3.1567
   56.0000     3.0115     2.8731     3.1567
   56.2500     3.0115     2.8731     3.1567
   56.5000     3.0115     2.8731     3.1567
   56.7500     3.0115     2.8731     3.1567
   57.0000     3.0115     2.8731     3.1567
   57.2500     3.0115     2.8731     3.1567
   57.5000     3.0115     2.8731     3.1567
   57.7500     3.0115     2.8731     3.1567
   58.0000     3.0115     2.8731     3.1567
   58.2500     3.0115     2.8731     3.1567
   58.5000     3.0121     2.8791     3.1567
   58.7500     3.0252     2.8942     3.1627
   59.0000     3.0417     2.8967     3.1845
   59.2500     3.0634     2.9265     3.2188
   59.5000     3.1148     2.9496     3.2735
   59.7500     3.1404     2.9627     3.3185
   60.0000     3.1430     2.9672     3.3212
