# depth_km vs_median_km_s vs_p16 vs_p84
    0.0000     1.9467     1.9416     1.9535
    0.2500     1.9467     1.9416     1.9535
    0.5000     1.9467     1.9416     1.9535
    0.7500     1.9467     1.9416     1.9535
    1.0000     1.9467     1.9416     1.9535
    1.2500     1.9467     1.9416     1.9535
    1.5000     1.9467     1.9416     1.9535
    1.7500     1.9467     1.9416     1.9535
    2.0000     2.5955     2.4792     2.6230
    2.2500     2.5955     2.4792     2.6230
    2.5000     2.5955     2.4792     2.6230
    2.7500     2.5955     2.4792     2.6230
    3.0000     2.5955     2.4792     2.6230
    3.2500     2.5955     2.4792     2.6230
    3.5000     2.5955     2.4792     2.6230
    3.7500     2.5955     2.4792     2.6230
    4.0000     2.5955     2.4792     2.6230
    4.2500     2.5955     2.4792     2.6230
    4.5000     2.5955     2.4792     2.6230
    4.7500     2.5955     2.4792     2.6230
    5.0000     2.5955     2.4792     2.6230
    5.2500     2.5955     2.4792     2.6230
    5.5000     2.5955     2.4792     2.6230
    5.7500     2.6455     2.4792     2.7836
    6.0000     2.7553     2.5441     2.7980
    6.2500     2.7604     2.5441     2.8017
    6.5000     2.7604     2.5441     2.8017
    6.7500     2.7604     2.5441     2.8017
    7.0000     2.7604     2.5441     2.8017
    7.2500     2.7604     2.5441     2.8017
    7.5000     2.7604     2.5441     2.8017
    7.7500     2.7604     2.5441     2.8017
    8.0000     2.7604     2.5441     2.8017
    8.2500     2.7604     2.5441     2.8017
    8.5000     2.7604     2.5441     2.8017
    8.7500     2.7604     2.5441     2.8017
    9.0000     2.7604     2.5441     2.8017
    9.2500     2.7604     2.5441     2.8017
    9.5000     2.7604     2.5441     2.8017
    9.7500     2.7604     2.5441     2.8017
   10.0000     2.7604     2.5441     2.8017
   10.2500     2.7604     2.5441     2.8017
   10.5000     2.7604     2.5441     2.8017
   10.7500     2.7604     2.5441     2.8017
   11.0000     2.7604     2.5441     2.8017
   11.2500     2.7604     2.5441     2.8017
   11.5000     2.7662     2.5441     2.8084
   11.7500     3.0655     2.5441     3.1470
   12.0000     3.0784     2.6203     3.1630
   12.2500     3.0851     2.7192     3.1647
   12.5000     3.0869     2.7204     3.1647
   12.7500     3.0869     2.7204     3.1647
   13.0000     3.0869     2.7204     3.1647
   13.2500     3.0869     2.7204     3.1647
   13.5000     3.0869     2.7204     3.1647
   13.7500     3.0869     2.7204     3.1647
   14.0000     3.0869     2.7204     3.1647
   14.2500     3.0869     2.7204     3.1647
   14.5000     3.0869     2.7204     3.1647
   14.7500     3.0869     2.7204     3.1647
   15.0000     3.0869     2.7204     3.1647
   15.2500     3.0869     2.7204     3.1647
   15.5000     3.0869     2.7204     3.1647
   15.7500     3.0869     2.7204     3.1647
   16.0000     3.0869     2.7204     3.1647
   16.2500     3.0869     2.7204     3.1647
   16.5000     3.0869     2.7204     3.1647
   16.7500     3.0869     2.7204     3.1647
   17.0000     3.0869     2.7204     3.1647
   17.2500     3.0869     2.7204     3.1647
   17.5000     3.0869     2.7204     3.1647
   17.7500     3.0869     2.7204     3.1647
   18.0000     3.0869     2.7204     3.1647
   18.2500     3.0869     2.7204     3.1647
   18.5000     3.0869     2.7204     3.1647
   18.7500     3.0869     2.7204     3.1647
   19.0000     3.0869     2.7204     3.1647
   19.2500     3.0869     2.7204     3.1647
   19.5000     3.1106     2.7204     3.1759
   19.7500     3.1182     2.7204     3.1927
   20.0000     3.1307     2.7204     3.2179
   20.2500     3.1317     2.7204     3.2180
   20.5000     3.1362     2.7250     3.2180
   20.7500     3.1362     2.7251     3.2180
   21.0000     3.1362     2.7251     3.2180
   21.2500     3.1362     2.7251     3.2180
   21.5000     3.1362     2.7251     3.2180
   21.7500     3.1362     2.7251     3.2180
   22.0000     3.1362     2.7251     3.2180
   22.2500     3.1362     2.7251     3.2180
   22.5000     3.1362     2.7251     3.2180
   22.7500     3.1362     2.7251     3.2180
   23.0000     3.1362     2.7251     3.2180
   23.2500     3.1362     2.7251     3.2180
   23.5000     3.1362     2.7251     3.2180
   23.7500     3.1362     2.7251     3.2180
   24.0000     3.1362     2.7251     3.2180
   24.2500     3.1362     2.7251     3.2180
   24.5000     3.1362     2.7251     3.2180
   24.7500     3.1362     2.7251     3.2180
   25.0000     3.1362     2.7251     3.2180
   25.2500     3.1362     2.7251     3.2180
   25.5000     3.1362     2.7251     3.2180
   25.7500     3.1362     2.7251     3.2180
   26.0000     3.1362     2.7251     3.2180
   26.2500     3.1362     2.7251     3.2180
   26.5000     3.1362     2.7251     3.2180
   26.7500     3.1362     2.7251     3.2180
   27.0000     3.1362     2.7251     3.2180
   27.2500     3.1362     2.7251     3.2180
   27.5000     3.1362     2.7251     3.2180
   27.7500     3.1362     2.7251     3.2180
   28.0000     3.1362     2.7251     3.2180
   28.2500     3.1362     2.7251     3.2180
   28.5000     3.1362     2.7251     3.2180
   28.7500     3.1362     2.7251     3.2180
   29.0000     3.1360     2.7251     3.2180
   29.2500     3.1329     2.7251     3.2182
   29.5000     3.1227     2.7251     3.2132
   29.7500     3.1131     2.7251     3.2073
   30.0000     3.1010     2.7251     3.2073
   30.2500     3.1010     2.7251     3.2079
   30.5000     3.1010     2.7251     3.2071
   30.7500     3.1010     2.7214     3.2071
   31.0000     3.1010     2.7168     3.2071
   31.2500     3.1010     2.7117     3.2071
   31.5000     3.1010     2.7077     3.2071
   31.7500     3.1010     2.7077     3.2071
   32.0000     3.1010     2.7077     3.2071
   32.2500     3.1010     2.7077     3.2071
   32.5000     3.1010     2.7077     3.2071
   32.7500     3.1010     2.7077     3.2071
   33.0000     3.1010     2.7077     3.2071
   33.2500     3.1010     2.7077     3.2071
   33.5000     3.1010     2.7077     3.2071
   33.7500     3.1010     2.7077     3.2071
   34.0000     3.1010     2.7077     3.2071
   34.2500     3.1010     2.7077     3.2071
   34.5000     3.1010     2.7077     3.2071
   34.7500     3.1010     2.7077     3.2071
   35.0000     3.1010     2.7077     3.2071
   35.2500     3.1010     2.7077     3.2071
   35.5000     3.1010     2.7077     3.2071
   35.7500     3.1010     2.7077     3.2071
   36.0000     3.1010     2.7077     3.2071
   36.2500     3.1010     2.7077     3.2071
   36.5000     3.1010     2.7077     3.2071
   36.7500     3.1010     2.7077     3.2071
   37.0000     3.1010     2.7077     3.2071
   37.2500     3.1010     2.7077     3.2071
   37.5000     3.1010     2.7077     3.2071
   37.7500     3.1010     2.7077     3.2071
   38.0000     3.1010     2.7077     3.2071
   38.2500     3.1010     2.7077     3.2071
   38.5000     3.1010     2.7077     3.2071
   38.7500     3.1010     2.7077     3.2071
   39.0000     3.1010     2.7077     3.2071
   39.2500     3.1010     2.7077     3.2071
   39.5000     3.1010     2.7077     3.2071
   39.7500     3.1010     2.7077     3.2071
   40.0000     3.1010     2.7077     3.2071
   40.2500     3.1010     2.7077     3.2071
   40.5000     3.1010     2.7077     3.2071
   40.7500     3.1010     2.7077     3.2071
   41.0000     3.1010     2.7077     3.2071
   41.2500     3.1010     2.7077     3.2071
   41.5000     3.1010     2.7077     3.2071
   41.7500     3.1010     2.7077     3.2071
   42.0000     3.1010     2.7077     3.2071
   42.2500     3.1010     2.7077     3.2071
   42.5000     3.1010     2.7077     3.2071
   42.7500     3.1010     2.7077     3.2071
   43.0000     3.1010     2.7077     3.2071
   43.2500     3.1010     2.7077     3.2071
   43.5000     3.1010     2.7077     3.2071
   43.7500     3.1010     2.7077     3.2071
   44.0000     3.1010     2.7077     3.2071
   44.2500     3.1010     2.7077     3.2071
   44.5000     3.1010     2.7077     3.2071
   44.7500     3.1010     2.7077     3.2071
   45.0000     3.1010     2.7077     3.2071
   45.2500     3.1010     2.7077     3.2071
   45.5000     3.1010     2.7077     3.2071
   45.7500     3.1010     2.7077     3.2071
   46.0000     3.1010     2.7077     3.2071
   46.2500     3.1010     2.7077     3.2071
   46.5000     3.1010     2.7077     3.2071
   46.7500     3.1010     2.7077     3.2071
   47.0000     3.1010     2.7077     3.2071
   47.2500     3.1010     2.7077     3.2071
   47.5000     3.1010     2.7077     3.2071
   47.7500     3.1010     2.7077     3.2071
   48.0000     3.1010     2.7077     3.2071
   48.2500     3.1010     2.7077     3.2071
   48.5000     3.1010     2.7077     3.2071
   48.7500     3.1010     2.7077     3.2071
   49.0000     3.1010     2.7077     3.2071
   49.2500     3.1010     2.7077     3.2071
   49.5000     3.1010     2.7077     3.2071
   49.7500     3.1010     2.7077     3.2071
   50.0000     3.1010     2.7077     3.2071
   50.2500     3.1010     2.7077     3.2071
   50.5000     3.1010     2.7077     3.2071
   50.7500     3.1010     2.7077     3.2071
   51.0000     3.1010     2.7077     3.2071
   51.2500     3.1010     2.7077     3.2071
   51.5000     3.1010     2.7077     3.2071
   51.7500     3.1010     2.7077     3.2071
   52.0000     3.1010     2.7077     3.2071
   52.2500     3.1010     2.7077     3.2071
   52.5000     3.1010     2.7077     3.2071
   52.7500     3.1010     2.7077     3.2071
   53.0000     3.1010     2.7077     3.2071
   53.2500     3.1010     2.7077     3.2071
   53.5000     3.1010     2.7077     3.2071
   53.7500     3.1010     2.7077     3.2071
   54.0000     3.1010     2.7077     3.2071
   54.2500     3.1010     2.7077     3.2071
   54.5000     3.1010     2.7077     3.2071
   54.7500     3.1010     2.7077     3.2071
   55.0000     3.1010     2.7077     3.2071
   55.2500     3.1010     2.7077     3.2071
   55.5000     3.1010     2.7077     3.2071
   55.7500     3.1010     2.7077     3.2071
   56.0000     3.1010     2.7077     3.2071
   56.2500     3.1010     2.7077     3.2071
   56.5000     3.1010     2.7077     3.2071
   56.7500     3.1010     2.7077     3.2071
   57.0000     3.1010     2.7077     3.2071
   57.2500     3.1010     2.7077     3.2071
   57.5000     3.1010     2.7077     3.2071
   57.7500     3.1046     2.7077     3.2118
   58.0000     3.1264     2.7077     3.2500
   58.2500     3.1505     2.7077     3.2671
   58.5000     3.1930     2.7077     3.2918
   58.7500     3.1997     2.7077     3.3219
   59.0000     3.2107     2.7077     3.3533
   59.2500     3.2157     2.7077     3.3553
   59.5000     3.2224     2.7077     3.3594
   59.7500     3.2250     2.7555     3.4064
   60.0000     3.2250     2.7701     3.4095
