# depth_km vs_median_km_s vs_p16 vs_p84
    0.0000     1.9829     1.9766     1.9886
    0.2500     1.9829     1.9766     1.9886
    0.5000     1.9829     1.9766     1.9886
    0.7500     1.9829     1.9766     1.9886
    1.0000     1.9829     1.9766     1.9886
    1.2500     1.9829     1.9766     1.9886
    1.5000     1.9829     1.9766     1.9886
    1.7500     1.9854     1.9799     2.6306
    2.0000     2.7284     2.6841     2.7815
    2.2500     2.7284     2.6841     2.7815
    2.5000     2.7284     2.6841     2.7815
    2.7500     2.7284     2.6841     2.7815
    3.0000     2.7284     2.6841     2.7815
    3.2500     2.7284     2.6841     2.7815
    3.5000     2.7284     2.6841     2.7815
    3.7500     2.7284     2.6841     2.7815
    4.0000     2.7284     2.6841     2.7815
    4.2500     2.7284     2.6841     2.7815
    4.5000     2.7284     2.6841     2.7815
    4.7500     2.7284     2.6841     2.7815
    5.0000     2.7284     2.6841     2.7815
    5.2500     2.7284     2.6841     2.7815
    5.5000     2.7284     2.6841     2.7815
    5.7500     2.7284     2.6840     2.7962
    6.0000     2.7392     2.6267     2.7988
    6.2500     2.6937     2.6243     2.7907
    6.5000     2.6937     2.6243     2.7907
    6.7500     2.6937     2.6243     2.7907
    7.0000     2.6937     2.6243     2.7907
    7.2500     2.6937     2.6243     2.7907
    7.5000     2.6937     2.6243     2.7907
    7.7500     2.6937     2.6243     2.7907
    8.0000     2.6937     2.6243     2.7907
    8.2500     2.6937     2.6243     2.7907
    8.5000     2.6937     2.6243     2.7907
    8.7500     2.6937     2.6243     2.7907
    9.0000     2.6937     2.6243     2.7907
    9.2500     2.6937     2.6243     2.7907
    9.5000     2.6937     2.6243     2.7907
    9.7500     2.6937     2.6243     2.7907
   10.0000     2.6937     2.6243     2.7907
   10.2500     2.6937     2.6243     2.7907
   10.5000     2.6937     2.6243     2.7907
   10.7500     2.6937     2.6243     2.7907
   11.0000     2.6937     2.6243     2.7907
   11.2500     2.6937     2.6243     2.7907
   11.5000     2.6937     2.6243     2.7907
   11.7500     2.6937     2.6243     2.7909
   12.0000     2.7181     2.6405     3.0118
   12.2500     2.7616     2.6976     3.0118
   12.5000     2.7616     2.6976     3.0118
   12.7500     2.7616     2.6976     3.0118
   13.0000     2.7616     2.6976     3.0118
   13.2500     2.7616     2.6976     3.0118
   13.5000     2.7616     2.6976     3.0118
   13.7500     2.7616     2.6976     3.0118
   14.0000     2.7616     2.6976     3.0118
   14.2500     2.7616     2.6976     3.0118
   14.5000     2.7616     2.6976     3.0118
   14.7500     2.7616     2.6976     3.0118
   15.0000     2.7616     2.6976     3.0118
   15.2500     2.7616     2.6976     3.0118
   15.5000     2.7616     2.6976     3.0118
   15.7500     2.7616     2.6976     3.0118
   16.0000     2.7616     2.6976     3.0118
   16.2500     2.7616     2.6976     3.0118
   16.5000     2.7616     2.6976     3.0118
   16.7500     2.7616     2.6976     3.0118
   17.0000     2.7616     2.6976     3.0118
   17.2500     2.7616     2.6976     3.0118
   17.5000     2.7616     2.6976     3.0118
   17.7500     2.7616     2.6976     3.0118
   18.0000     2.7616     2.6976     3.0118
   18.2500     2.7616     2.6976     3.0118
   18.5000     2.7616     2.6976     3.0118
   18.7500     2.7616     2.6976     3.0118
   19.0000     2.7616     2.6976     3.0118
   19.2500     2.7616     2.6976     3.0118
   19.5000     2.7616     2.6976     3.0118
   19.7500     2.7616     2.6976     3.2950
   20.0000     2.7829     2.7027     3.2952
   20.2500     3.0482     2.7444     3.2967
   20.5000     3.0567     2.9735     3.2967
   20.7500     3.0836     3.0031     3.2967
   21.0000     3.0836     3.0031     3.2967
   21.2500     3.0836     3.0031     3.2967
   21.5000     3.0836     3.0031     3.2967
   21.7500     3.0836     3.0031     3.2967
   22.0000     3.0836     3.0031     3.2967
   22.2500     3.0836     3.0031     3.2967
   22.5000     3.0836     3.0031     3.2967
   22.7500     3.0836     3.0031     3.2967
   23.0000     3.0836     3.0031     3.2967
   23.2500     3.0836     3.0031     3.2967
   23.5000     3.0836     3.0031     3.2967
   23.7500     3.0836     3.0031     3.2967
   24.0000     3.0836     3.0031     3.2967
   24.2500     3.0836     3.0031     3.2967
   24.5000     3.0836     3.0031     3.2967
   24.7500     3.0836     3.0031     3.2967
   25.0000     3.0836     3.0031     3.2967
   25.2500     3.0836     3.0031     3.2967
   25.5000     3.0836     3.0031     3.2967
   25.7500     3.0836     3.0031     3.2967
   26.0000     3.0836     3.0031     3.2967
   26.2500     3.0836     3.0031     3.2967
   26.5000     3.0836     3.0031     3.2967
   26.7500     3.0836     3.0031     3.2967
   27.0000     3.0836     3.0031     3.2967
   27.2500     3.0836     3.0031     3.2967
   27.5000     3.0836     3.0031     3.2967
   27.7500     3.0836     3.0031     3.2967
   28.0000     3.0836     3.0031     3.2967
   28.2500     3.0836     3.0031     3.2967
   28.5000     3.0836     3.0031     3.2967
   28.7500     3.0836     3.0031     3.2967
   29.0000     3.0836     3.0031     3.2967
   29.2500     3.0836     3.0031     3.2967
   29.5000     3.0836     3.0031     3.2967
   29.7500     3.0836     3.0031     3.3051
   30.0000     3.0836     3.0031     3.5147
   30.2500     3.2586     3.0121     3.5147
   30.5000     3.2738     3.1005     3.5147
   30.7500     3.3141     3.2080     3.5155
   31.0000     3.3141     3.2125     3.5155
   31.2500     3.3141     3.2125     3.5155
   31.5000     3.3141     3.2125     3.5155
   31.7500     3.3141     3.2125     3.5155
   32.0000     3.3141     3.2125     3.5155
   32.2500     3.3141     3.2125     3.5155
   32.5000     3.3141     3.2125     3.5155
   32.7500     3.3141     3.2125     3.5155
   33.0000     3.3141     3.2125     3.5155
   33.2500     3.3141     3.2125     3.5155
   33.5000     3.3141     3.2125     3.5155
   33.7500     3.3141     3.2125     3.5155
   34.0000     3.3141     3.2125     3.5155
   34.2500     3.3141     3.2125     3.5155
   34.5000     3.3141     3.2125     3.5155
   34.7500     3.3141     3.2125     3.5155
   35.0000     3.3141     3.2125     3.5155
   35.2500     3.3141     3.2125     3.5155
   35.5000     3.3141     3.2125     3.5155
   35.7500     3.3141     3.2125     3.5155
   36.0000     3.3141     3.2125     3.5155
   36.2500     3.3141     3.2125     3.5155
   36.5000     3.3141     3.2125     3.5155
   36.7500     3.3141     3.2125     3.5155
   37.0000     3.3141     3.2125     3.5155
   37.2500     3.3141     3.2125     3.5155
   37.5000     3.3141     3.2125     3.5155
   37.7500     3.3141     3.2125     3.5155
   38.0000     3.3141     3.2125     3.5155
   38.2500     3.3141     3.2125     3.5155
   38.5000     3.3141     3.2125     3.5155
   38.7500     3.3141     3.2125     3.5155
   39.0000     3.3141     3.2125     3.5155
   39.2500     3.3141     3.2125     3.5155
   39.5000     3.3141     3.2125     3.5155
   39.7500     3.3141     3.2125     3.5155
   40.0000     3.3141     3.2125     3.5155
   40.2500     3.3141     3.2125     3.5155
   40.5000     3.3141     3.2125     3.5155
   40.7500     3.3141     3.2125     3.5155
   41.0000     3.3141     3.2125     3.5155
   41.2500     3.3141     3.2125     3.5155
   41.5000     3.3141     3.2125     3.5155
   41.7500     3.3141     3.2125     3.5155
   42.0000     3.3141     3.2125     3.5155
   42.2500     3.3141     3.2125     3.5155
   42.5000     3.3141     3.2125     3.5155
   42.7500     3.3141     3.2125     3.5155
   43.0000     3.3141     3.2125     3.5155
   43.2500     3.3141     3.2125     3.5155
   43.5000     3.3141     3.2125     3.5155
   43.7500     3.3141     3.2125     3.5155
   44.0000     3.3141     3.2125     3.5155
   44.2500     3.3141     3.2125     3.5155
   44.5000     3.3141     3.2125     3.5155
   44.7500     3.3141     3.2125     3.5155
   45.0000     3.3141     3.2125     3.5155
   45.2500     3.3141     3.2125     3.5155
   45.5000     3.3141     3.2125     3.5155
   45.7500     3.3141     3.2125     3.5155
   46.0000     3.3141     3.2125     3.5155
   46.2500     3.3141     3.2125     3.5155
   46.5000     3.3141     3.2125     3.5155
   46.7500     3.3141     3.2125     3.5155
   47.0000     3.3141     3.2125     3.5155
   47.2500     3.3141     3.2125     3.5155
   47.5000     3.3141     3.2125     3.5155
   47.7500     3.3141     3.2125     3.5155
   48.0000     3.3141     3.2125     3.5155
   48.2500     3.3141     3.2125     3.5155
   48.5000     3.3141     3.2125     3.5155
   48.7500     3.3141     3.2125     3.5155
   49.0000     3.3141     3.2125     3.5155
   49.2500     3.3141     3.2125     3.5155
   49.5000     3.3141     3.2125     3.5155
   49.7500     3.3141     3.2125     3.5155
   50.0000     3.3141     3.2125     3.5155
   50.2500     3.3141     3.2125     3.5155
   50.5000     3.3141     3.2125     3.5155
   50.7500     3.3141     3.2125     3.5155
   51.0000     3.3141     3.2125     3.5155
   51.2500     3.3141     3.2125     3.5155
   51.5000     3.3141     3.2125     3.5155
   51.7500     3.3141     3.2125     3.5155
   52.0000     3.3141     3.2125     3.5155
   52.2500     3.3141     3.2125     3.5155
   52.5000     3.3141     3.2125     3.5155
   52.7500     3.3141     3.2125     3.5155
   53.0000     3.3141     3.2125     3.5155
   53.2500     3.3141     3.2125     3.5155
   53.5000     3.3141     3.2125     3.5155
   53.7500     3.3141     3.2125     3.5155
   54.0000     3.3141     3.2125     3.5155
   54.2500     3.3141     3.2125     3.5155
   54.5000     3.3141     3.2125     3.5155
   54.7500     3.3141     3.2125     3.5155
   55.0000     3.3141     3.2125     3.5155
   55.2500     3.3141     3.2125     3.5155
   55.5000     3.3141     3.2125     3.5155
   55.7500     3.3141     3.2125     3.5155
   56.0000     3.3141     3.2125     3.5155
   56.2500     3.3141     3.2125     3.5155
   56.5000     3.3141     3.2125     3.5155
   56.7500     3.3141     3.2125     3.5155
   57.0000     3.3141     3.2125     3.5155
   57.2500     3.3141     3.2125     3.5155
   57.5000     3.3141     3.2125     3.5155
   57.7500     3.3141     3.2125     3.5155
   58.0000     3.3141     3.2125     3.5155
   58.2500     3.3141     3.2125     3.5155
   58.5000     3.3141     3.2125     3.5155
   58.7500     3.3141     3.2125     3.5155
   59.0000     3.3141     3.2125     3.5177
   59.2500     3.3141     3.2125     3.7362
   59.5000     3.3190     3.2157     3.7590
   59.7500     3.5365     3.2928     3.7863
   60.0000     3.6667     3.3823     3.8399
