# depth_km vs_median_km_s vs_p16 vs_p84
    0.0000     1.7698     1.7682     1.7718
    0.2500     1.7698     1.7682     1.7718
    0.5000     1.7698     1.7682     1.7718
    0.7500     1.7698     1.7682     1.7718
    1.0000     1.7698     1.7682     1.7718
    1.2500     1.7698     1.7682     1.7718
    1.5000     2.7130     2.7082     2.7180
    1.7500     2.7133     2.7087     2.7188
    2.0000     2.7133     2.7087     2.7188
    2.2500     2.7133     2.7087     2.7188
    2.5000     2.7133     2.7087     2.7188
    2.7500     2.7133     2.7087     2.7188
    3.0000     2.7133     2.7087     2.7188
    3.2500     2.7133     2.7087     2.7188
    3.5000     2.7133     2.7087     2.7188
    3.7500     2.7133     2.7087     2.7188
    4.0000     2.7133     2.7087     2.7188
    4.2500     2.7133     2.7087     2.7188
    4.5000     2.7133     2.7087     2.7188
    4.7500     2.7133     2.7087     2.7188
    5.0000     2.7133     2.7087     2.7188
    5.2500     2.7133     2.7087     2.7188
    5.5000     2.4186     2.3357     2.7107
    5.7500     2.4184     2.3357     2.5724
    6.0000     2.4184     2.3357     2.5724
    6.2500     2.4184     2.3357     2.5724
    6.5000     2.4184     2.3357     2.5724
    6.7500     2.4184     2.3357     2.5724
    7.0000     2.4184     2.3357     2.5724
    7.2500     2.4184     2.3357     2.5724
    7.5000     2.4184     2.3357     2.5724
    7.7500     2.4184     2.3357     2.5724
    8.0000     2.4184     2.3357     2.5724
    8.2500     2.4184     2.3357     2.5724
    8.5000     2.4184     2.3357     2.5724
    8.7500     2.4184     2.3357     2.5724
    9.0000     2.4184     2.3357     2.5724
    9.2500     2.4184     2.3357     2.5724
    9.5000     2.4184     2.3357     2.5724
    9.7500     2.4184     2.3357     2.5724
   10.0000     2.4184     2.3357     2.5724
   10.2500     2.4184     2.3357     2.5724
   10.5000     2.4184     2.3357     2.5724
   10.7500     2.4184     2.3357     2.5724
   11.0000     2.4184     2.3357     2.5724
   11.2500     2.4211     2.3357     2.5787
   11.5000     2.7715     2.6815     3.0111
   11.7500     2.7755     2.7080     3.0111
   12.0000     2.7755     2.7080     3.0111
   12.2500     2.7755     2.7080     3.0111
   12.5000     2.7755     2.7080     3.0111
   12.7500     2.7755     2.7080     3.0111
   13.0000     2.7755     2.7080     3.0111
   13.2500     2.7755     2.7080     3.0111
   13.5000     2.7755     2.7080     3.0111
   13.7500     2.7755     2.7080     3.0111
   14.0000     2.7755     2.7080     3.0111
   14.2500     2.7755     2.7080     3.0111
   14.5000     2.7755     2.7080     3.0111
   14.7500     2.7755     2.7080     3.0111
   15.0000     2.7755     2.7080     3.0111
   15.2500     2.7755     2.7080     3.0111
   15.5000     2.7755     2.7080     3.0111
   15.7500     2.7755     2.7080     3.0111
   16.0000     2.7755     2.7080     3.0111
   16.2500     2.7755     2.7080     3.0111
   16.5000     2.7755     2.7080     3.0111
   16.7500     2.7755     2.7080     3.0111
   17.0000     2.7755     2.7080     3.0111
   17.2500     2.7755     2.7080     3.0111
   17.5000     2.7755     2.7080     3.0111
   17.7500     2.7755     2.7080     3.0111
   18.0000     2.7755     2.7080     3.0111
   18.2500     2.7755     2.7080     3.0111
   18.5000     2.7755     2.7080     3.0111
   18.7500     2.7755     2.7080     3.0111
   19.0000     2.7762     2.7080     3.0120
   19.2500     2.8143     2.7121     3.2435
   19.5000     2.9873     2.7407     3.2435
   19.7500     3.0504     2.9693     3.2435
   20.0000     3.0640     2.9838     3.2435
   20.2500     3.0640     2.9838     3.2435
   20.5000     3.0640     2.9838     3.2435
   20.7500     3.0640     2.9838     3.2435
   21.0000     3.0640     2.9838     3.2435
   21.2500     3.0640     2.9838     3.2435
   21.5000     3.0640     2.9838     3.2435
   21.7500     3.0640     2.9838     3.2435
   22.0000     3.0640     2.9838     3.2435
   22.2500     3.0640     2.9838     3.2435
   22.5000     3.0640     2.9838     3.2435
   22.7500     3.0640     2.9838     3.2435
   23.0000     3.0640     2.9838     3.2435
   23.2500     3.0640     2.9838     3.2435
   23.5000     3.0640     2.9838     3.2435
   23.7500     3.0640     2.9838     3.2435
   24.0000     3.0640     2.9838     3.2435
   24.2500     3.0640     2.9838     3.2435
   24.5000     3.0640     2.9838     3.2435
   24.7500     3.0640     2.9838     3.2435
   25.0000     3.0640     2.9838     3.2435
   25.2500     3.0640     2.9838     3.2435
   25.5000     3.0640     2.9838     3.2435
   25.7500     3.0640     2.9838     3.2435
   26.0000     3.0640     2.9838     3.2435
   26.2500     3.0640     2.9838     3.2435
   26.5000     3.0640     2.9838     3.2435
   26.7500     3.0640     2.9838     3.2435
   27.0000     3.0640     2.9838     3.2435
   27.2500     3.0640     2.9838     3.2435
   27.5000     3.0640     2.9838     3.2435
   27.7500     3.0640     2.9838     3.2435
   28.0000     3.0640     2.9838     3.2435
   28.2500     3.0640     2.9838     3.2435
   28.5000     3.0640     2.9838     3.2435
   28.7500     3.0640     2.9838     3.2435
   29.0000     3.0640     2.9838     3.2464
   29.2500     3.0952     2.9887     3.9130
   29.5000     3.6600     3.0052     3.9130
   29.7500     3.7053     3.1243     3.9130
   30.0000     3.7664     3.5317     3.9130
   30.2500     3.7664     3.5317     3.9130
   30.5000     3.7664     3.5317     3.9130
   30.7500     3.7664     3.5317     3.9130
   31.0000     3.7664     3.5317     3.9130
   31.2500     3.7664     3.5317     3.9130
   31.5000     3.7664     3.5317     3.9130
   31.7500     3.7664     3.5317     3.9130
   32.0000     3.7664     3.5317     3.9130
   32.2500     3.7664     3.5317     3.9130
   32.5000     3.7664     3.5317     3.9130
   32.7500     3.7664     3.5317     3.9130
   33.0000     3.7664     3.5317     3.9130
   33.2500     3.7664     3.5317     3.9130
   33.5000     3.7664     3.5317     3.9130
   33.7500     3.7664     3.5317     3.9130
   34.0000     3.7664     3.5317     3.9130
   34.2500     3.7664     3.5317     3.9130
   34.5000     3.7664     3.5317     3.9130
   34.7500     3.7664     3.5317     3.9130
   35.0000     3.7664     3.5317     3.9130
   35.2500     3.7664     3.5317     3.9130
   35.5000     3.7664     3.5317     3.9130
   35.7500     3.7664     3.5317     3.9130
   36.0000     3.7664     3.5317     3.9130
   36.2500     3.7664     3.5317     3.9130
   36.5000     3.7664     3.5317     3.9130
   36.7500     3.7664     3.5317     3.9130
   37.0000     3.7664     3.5317     3.9130
   37.2500     3.7664     3.5317     3.9130
   37.5000     3.7664     3.5317     3.9130
   37.7500     3.7664     3.5317     3.9130
   38.0000     3.7664     3.5317     3.9130
   38.2500     3.7664     3.5317     3.9130
   38.5000     3.7664     3.5317     3.9130
   38.7500     3.7664     3.5317     3.9130
   39.0000     3.7664     3.5317     3.9130
   39.2500     3.7664     3.5317     3.9130
   39.5000     3.7664     3.5317     3.9130
   39.7500     3.7664     3.5317     3.9130
   40.0000     3.7664     3.5317     3.9130
   40.2500     3.7664     3.5317     3.9130
   40.5000     3.7664     3.5317     3.9130
   40.7500     3.7664     3.5317     3.9130
   41.0000     3.7664     3.5317     3.9130
   41.2500     3.7664     3.5317     3.9130
   41.5000     3.7664     3.5317     3.9130
   41.7500     3.7664     3.5317     3.9130
   42.0000     3.7664     3.5317     3.9130
   42.2500     3.7664     3.5317     3.9130
   42.5000     3.7664     3.5317     3.9130
   42.7500     3.7664     3.5317     3.9130
   43.0000     3.7664     3.5317     3.9130
   43.2500     3.7664     3.5317     3.9130
   43.5000     3.7664     3.5317     3.9130
   43.7500     3.7664     3.5317     3.9130
   44.0000     3.7664     3.5317     3.9130
   44.2500     3.7664     3.5317     3.9130
   44.5000     3.7664     3.5317     3.9130
   44.7500     3.7664     3.5317     3.9130
   45.0000     3.7664     3.5317     3.9130
   45.2500     3.7664     3.5317     3.9130
   45.5000     3.7664     3.5317     3.9130
   45.7500     3.7664     3.5317     3.9130
   46.0000     3.7664     3.5317     3.9130
   46.2500     3.7664     3.5317     3.9130
   46.5000     3.7664     3.5317     3.9130
   46.7500     3.7664     3.5317     3.9130
   47.0000     3.7664     3.5317     3.9130
   47.2500     3.7664     3.5317     3.9130
   47.5000     3.7664     3.5317     3.9130
   47.7500     3.7664     3.5317     3.9130
   48.0000     3.7664     3.5317     3.9130
   48.2500     3.7664     3.5317     3.9130
   48.5000     3.7664     3.5317     3.9130
   48.7500     3.7664     3.5317     3.9130
   49.0000     3.7664     3.5317     3.9130
   49.2500     3.7664     3.5317     3.9130
   49.5000     3.7664     3.5317     3.9130
   49.7500     3.7664     3.5317     3.9130
   50.0000     3.7664     3.5317     3.9130
   50.2500     3.7664     3.5317     3.9130
   50.5000     3.7664     3.5317     3.9130
   50.7500     3.7664     3.5317     3.9130
   51.0000     3.7664     3.5317     3.9130
   51.2500     3.7664     3.5317     3.9130
   51.5000     3.7664     3.5317     3.9130
   51.7500     3.7664     3.5317     3.9130
   52.0000     3.7664     3.5317     3.9130
   52.2500     3.7664     3.5317     3.9130
   52.5000     3.7664     3.5317     3.9130
   52.7500     3.7664     3.5317     3.9130
   53.0000     3.7664     3.5317     3.9130
   53.2500     3.7664     3.5317     3.9130
   53.5000     3.7664     3.5317     3.9130
   53.7500     3.7664     3.5317     3.9130
   54.0000     3.7664     3.5317     3.9130
   54.2500     3.7664     3.5317     3.9130
   54.5000     3.7664     3.5317     3.9130
   54.7500     3.7664     3.5317     3.9130
   55.0000     3.7664     3.5317     3.9130
   55.2500     3.7664     3.5317     3.9130
   55.5000     3.7664     3.5317     3.9130
   55.7500     3.7664     3.5317     3.9130
   56.0000     3.7664     3.5317     3.9130
   56.2500     3.7664     3.5317     3.9130
   56.5000     3.7664     3.5317     3.9130
   56.7500     3.7664     3.5317     3.9130
   57.0000     3.7664     3.5317     3.9130
   57.2500     3.7664     3.5317     3.9130
   57.5000     3.7664     3.5317     3.9130
   57.7500     3.7664     3.5317     3.9130
   58.0000     3.7664     3.5317     3.9130
   58.2500     3.7664     3.5317     3.9130
   58.5000     3.7973     3.5317     3.9215
   58.7500     3.8213     3.5317     4.0921
   59.0000     3.8277     3.5317     4.1652
   59.2500     4.0256     3.6197     4.2297
   59.5000     4.0851     3.6627     4.3854
   59.7500     4.1222     3.8177     4.4056
   60.0000     4.1927     4.0693     4.4301
