# depth_km vs_median_km_s vs_p16 vs_p84
    0.0000     2.1022     2.0991     2.1054
    0.2500     2.1022     2.0991     2.1054
    0.5000     2.1022     2.0991     2.1054
    0.7500     2.1022     2.0991     2.1054
    1.0000     2.1022     2.0991     2.1054
    1.2500     2.1022     2.0991     2.1054
    1.5000     2.1022     2.0991     2.1054
    1.7500     2.1022     2.0991     2.1054
    2.0000     2.1237     2.1010     2.1542
    2.2500     2.1497     2.1373     2.1603
    2.5000     2.1497     2.1373     2.1603
    2.7500     2.1497     2.1373     2.1603
    3.0000     2.1497     2.1373     2.1603
    3.2500     2.1497     2.1373     2.1603
    3.5000     2.1497     2.1373     2.1603
    3.7500     2.1497     2.1373     2.1603
    4.0000     2.1497     2.1373     2.1603
    4.2500     2.1497     2.1373     2.1603
    4.5000     2.1497     2.1373     2.1603
    4.7500     2.1497     2.1373     2.1603
    5.0000     2.1497     2.1373     2.1603
    5.2500     2.1497     2.1373     2.1603
    5.5000     2.1497     2.1373     2.1603
    5.7500     2.1515     2.1386     2.1635
    6.0000     2.4681     2.1438     2.5596
    6.2500     2.4900     2.4379     2.5596
    6.5000     2.4900     2.4379     2.5596
    6.7500     2.4900     2.4379     2.5596
    7.0000     2.4900     2.4379     2.5596
    7.2500     2.4900     2.4379     2.5596
    7.5000     2.4900     2.4379     2.5596
    7.7500     2.4900     2.4379     2.5596
    8.0000     2.4900     2.4379     2.5596
    8.2500     2.4900     2.4379     2.5596
    8.5000     2.4900     2.4379     2.5596
    8.7500     2.4900     2.4379     2.5596
    9.0000     2.4900     2.4379     2.5596
    9.2500     2.4900     2.4379     2.5596
    9.5000     2.4900     2.4379     2.5596
    9.7500     2.4900     2.4379     2.5596
   10.0000     2.4900     2.4379     2.5596
   10.2500     2.4900     2.4379     2.5596
   10.5000     2.4900     2.4379     2.5596
   10.7500     2.4900     2.4379     2.5596
   11.0000     2.4900     2.4379     2.5596
   11.2500     2.4900     2.4379     2.5596
   11.5000     2.4900     2.4379     2.5596
   11.7500     2.4937     2.4379     2.5609
   12.0000     2.8458     2.4616     2.9826
   12.2500     2.8627     2.8100     2.9826
   12.5000     2.8627     2.8100     2.9826
   12.7500     2.8627     2.8100     2.9826
   13.0000     2.8627     2.8100     2.9826
   13.2500     2.8627     2.8100     2.9826
   13.5000     2.8627     2.8100     2.9826
   13.7500     2.8627     2.8100     2.9826
   14.0000     2.8627     2.8100     2.9826
   14.2500     2.8627     2.8100     2.9826
   14.5000     2.8627     2.8100     2.9826
   14.7500     2.8627     2.8100     2.9826
   15.0000     2.8627     2.8100     2.9826
   15.2500     2.8627     2.8100     2.9826
   15.5000     2.8627     2.8100     2.9826
   15.7500     2.8627     2.8100     2.9826
   16.0000     2.8627     2.8100     2.9826
   16.2500     2.8627     2.8100     2.9826
   16.5000     2.8627     2.8100     2.9826
   16.7500     2.8627     2.8100     2.9826
   17.0000     2.8627     2.8100     2.9826
   17.2500     2.8627     2.8100     2.9826
   17.5000     2.8627     2.8100     2.9826
   17.7500     2.8627     2.8100     2.9826
   18.0000     2.8627     2.8100     2.9826
   18.2500     2.8627     2.8100     2.9826
   18.5000     2.8627     2.8100     2.9826
   18.7500     2.8627     2.8100     2.9826
   19.0000     2.8627     2.8100     2.9826
   19.2500     2.8627     2.8100     2.9826
   19.5000     2.8627     2.8100     2.9826
   19.7500     2.9049     2.8100     3.2731
   20.0000     2.9640     2.8125     3.2773
   20.2500     3.2032     2.8467     3.2812
   20.5000     3.2134     3.1776     3.2812
   20.7500     3.2134     3.1776     3.2812
   21.0000     3.2134     3.1776     3.2812
   21.2500     3.2134     3.1776     3.2812
   21.5000     3.2134     3.1776     3.2812
   21.7500     3.2134     3.1776     3.2812
   22.0000     3.2134     3.1776     3.2812
   22.2500     3.2134     3.1776     3.2812
   22.5000     3.2134     3.1776     3.2812
   22.7500     3.2134     3.1776     3.2812
   23.0000     3.2134     3.1776     3.2812
   23.2500     3.2134     3.1776     3.2812
   23.5000     3.2134     3.1776     3.2812
   23.7500     3.2134     3.1776     3.2812
   24.0000     3.2134     3.1776     3.2812
   24.2500     3.2134     3.1776     3.2812
   24.5000     3.2134     3.1776     3.2812
   24.7500     3.2134     3.1776     3.2812
   25.0000     3.2134     3.1776     3.2812
   25.2500     3.2134     3.1776     3.2812
   25.5000     3.2134     3.1776     3.2812
   25.7500     3.2134     3.1776     3.2812
   26.0000     3.2134     3.1776     3.2812
   26.2500     3.2134     3.1776     3.2812
   26.5000     3.2134     3.1776     3.2812
   26.7500     3.2134     3.1776     3.2812
   27.0000     3.2134     3.1776     3.2812
   27.2500     3.2134     3.1776     3.2812
   27.5000     3.2134     3.1776     3.2812
   27.7500     3.2134     3.1776     3.2812
   28.0000     3.2134     3.1776     3.2812
   28.2500     3.2134     3.1776     3.2812
   28.5000     3.2134     3.1776     3.2812
   28.7500     3.2134     3.1776     3.2812
   29.0000     3.2134     3.1776     3.2812
   29.2500     3.2147     3.1780     3.2824
   29.5000     3.2384     3.1796     3.3817
   29.7500     3.2403     3.1796     3.5012
   30.0000     3.2804     3.1796     3.5090
   30.2500     3.3881     3.1887     3.5139
   30.5000     3.4048     3.3332     3.5159
   30.7500     3.4048     3.3332     3.5159
   31.0000     3.4048     3.3332     3.5159
   31.2500     3.4048     3.3332     3.5159
   31.5000     3.4048     3.3332     3.5159
   31.7500     3.4048     3.3332     3.5159
   32.0000     3.4048     3.3332     3.5159
   32.2500     3.4048     3.3332     3.5159
   32.5000     3.4048     3.3332     3.5159
   32.7500     3.4048     3.3332     3.5159
   33.0000     3.4048     3.3332     3.5159
   33.2500     3.4048     3.3332     3.5159
   33.5000     3.4048     3.3332     3.5159
   33.7500     3.4048     3.3332     3.5159
   34.0000     3.4048     3.3332     3.5159
   34.2500     3.4048     3.3332     3.5159
   34.5000     3.4048     3.3332     3.5159
   34.7500     3.4048     3.3332     3.5159
   35.0000     3.4048     3.3332     3.5159
   35.2500     3.4048     3.3332     3.5159
   35.5000     3.4048     3.3332     3.5159
   35.7500     3.4048     3.3332     3.5159
   36.0000     3.4048     3.3332     3.5159
   36.2500     3.4048     3.3332     3.5159
   36.5000     3.4048     3.3332     3.5159
   36.7500     3.4048     3.3332     3.5159
   37.0000     3.4048     3.3332     3.5159
   37.2500     3.4048     3.3332     3.5159
   37.5000     3.4048     3.3332     3.5159
   37.7500     3.4048     3.3332     3.5159
   38.0000     3.4048     3.3332     3.5159
   38.2500     3.4048     3.3332     3.5159
   38.5000     3.4048     3.3332     3.5159
   38.7500     3.4048     3.3332     3.5159
   39.0000     3.4048     3.3332     3.5159
   39.2500     3.4048     3.3332     3.5159
   39.5000     3.4048     3.3332     3.5159
   39.7500     3.4048     3.3332     3.5159
   40.0000     3.4048     3.3332     3.5159
   40.2500     3.4048     3.3332     3.5159
   40.5000     3.4048     3.3332     3.5159
   40.7500     3.4048     3.3332     3.5159
   41.0000     3.4048     3.3332     3.5159
   41.2500     3.4048     3.3332     3.5159
   41.5000     3.4048     3.3332     3.5159
   41.7500     3.4048     3.3332     3.5159
   42.0000     3.4048     3.3332     3.5159
   42.2500     3.4048     3.3332     3.5159
   42.5000     3.4048     3.3332     3.5159
   42.7500     3.4048     3.3332     3.5159
   43.0000     3.4048     3.3332     3.5159
   43.2500     3.4048     3.3332     3.5159
   43.5000     3.4048     3.3332     3.5159
   43.7500     3.4048     3.3332     3.5159
   44.0000     3.4048     3.3332     3.5159
   44.2500     3.4048     3.3332     3.5159
   44.5000     3.4048     3.3332     3.5159
   44.7500     3.4048     3.3332     3.5159
   45.0000     3.4048     3.3332     3.5159
   45.2500     3.4048     3.3332     3.5159
   45.5000     3.4048     3.3332     3.5159
   45.7500     3.4048     3.3332     3.5159
   46.0000     3.4048     3.3332     3.5159
   46.2500     3.4048     3.3332     3.5159
   46.5000     3.4048     3.3332     3.5159
   46.7500     3.4048     3.3332     3.5159
   47.0000     3.4048     3.3332     3.5159
   47.2500     3.4048     3.3332     3.5159
   47.5000     3.4048     3.3332     3.5159
   47.7500     3.4048     3.3332     3.5159
   48.0000     3.4048     3.3332     3.5159
   48.2500     3.4048     3.3332     3.5159
   48.5000     3.4048     3.3332     3.5159
   48.7500     3.4048     3.3332     3.5159
   49.0000     3.4048     3.3332     3.5159
   49.2500     3.4048     3.3332     3.5159
   49.5000     3.4048     3.3332     3.5159
   49.7500     3.4048     3.3332     3.5159
   50.0000     3.4048     3.3332     3.5159
   50.2500     3.4048     3.3332     3.5159
   50.5000     3.4048     3.3332     3.5159
   50.7500     3.4048     3.3332     3.5159
   51.0000     3.4048     3.3332     3.5159
   51.2500     3.4048     3.3332     3.5159
   51.5000     3.4048     3.3332     3.5159
   51.7500     3.4048     3.3332     3.5159
   52.0000     3.4048     3.3332     3.5159
   52.2500     3.4048     3.3332     3.5159
   52.5000     3.4048     3.3332     3.5159
   52.7500     3.4048     3.3332     3.5159
   53.0000     3.4048     3.3332     3.5159
   53.2500     3.4048     3.3332     3.5159
   53.5000     3.4048     3.3332     3.5159
   53.7500     3.4048     3.3332     3.5159
   54.0000     3.4048     3.3332     3.5159
   54.2500     3.4048     3.3332     3.5159
   54.5000     3.4048     3.3332     3.5159
   54.7500     3.4048     3.3332     3.5159
   55.0000     3.4048     3.3332     3.5159
   55.2500     3.4048     3.3332     3.5159
   55.5000     3.4048     3.3332     3.5159
   55.7500     3.4048     3.3332     3.5159
   56.0000     3.4048     3.3332     3.5159
   56.2500     3.4048     3.3332     3.5159
   56.5000     3.4048     3.3332     3.5159
   56.7500     3.4048     3.3332     3.5159
   57.0000     3.4048     3.3332     3.5159
   57.2500     3.4048     3.3332     3.5159
   57.5000     3.4048     3.3332     3.5159
   57.7500     3.4048     3.3332     3.5159
   58.0000     3.4048     3.3332     3.5159
   58.2500     3.4048     3.3332     3.5159
   58.5000     3.4048     3.3332     3.5159
   58.7500     3.4048     3.3332     3.5159
   59.0000     3.4208     3.3474     3.5262
   59.2500     3.4961     3.3895     3.6315
   59.5000     3.5190     3.4032     3.7586
   59.7500     3.5573     3.4560     3.7951
   60.0000     3.6303     3.4753     3.8265
