# depth_km vs_median_km_s vs_p16 vs_p84
    0.0000     2.0082     2.0044     2.0137
    0.2500     2.0082     2.0044     2.0137
    0.5000     2.0082     2.0044     2.0137
    0.7500     2.0082     2.0044     2.0137
    1.0000     2.0082     2.0044     2.0137
    1.2500     2.0082     2.0044     2.0137
    1.5000     2.0082     2.0044     2.0137
    1.7500     2.0082     2.0044     2.0137
    2.0000     2.9130     2.9017     2.9293
    2.2500     2.9130     2.9017     2.9293
    2.5000     2.9130     2.9017     2.9293
    2.7500     2.9130     2.9017     2.9293
    3.0000     2.9130     2.9017     2.9293
    3.2500     2.9130     2.9017     2.9293
    3.5000     2.9130     2.9017     2.9293
    3.7500     2.9130     2.9017     2.9293
    4.0000     2.9130     2.9017     2.9293
    4.2500     2.9130     2.9017     2.9293
    4.5000     2.9130     2.9017     2.9293
    4.7500     2.9130     2.9017     2.9293
    5.0000     2.9130     2.9017     2.9293
    5.2500     2.9130     2.9017     2.9293
    5.5000     2.9130     2.9017     2.9293
    5.7500     2.9242     2.9074     2.9587
    6.0000     2.9451     2.9093     2.9703
    6.2500     2.9453     2.9068     2.9701
    6.5000     2.9453     2.9068     2.9701
    6.7500     2.9453     2.9068     2.9701
    7.0000     2.9453     2.9068     2.9701
    7.2500     2.9453     2.9068     2.9701
    7.5000     2.9453     2.9068     2.9701
    7.7500     2.9453     2.9068     2.9701
    8.0000     2.9453     2.9068     2.9701
    8.2500     2.9453     2.9068     2.9701
    8.5000     2.9453     2.9068     2.9701
    8.7500     2.9453     2.9068     2.9701
    9.0000     2.9453     2.9068     2.9701
    9.2500     2.9453     2.9068     2.9701
    9.5000     2.9453     2.9068     2.9701
    9.7500     2.9453     2.9068     2.9701
   10.0000     2.9453     2.9068     2.9701
   10.2500     2.9453     2.9068     2.9701
   10.5000     2.9453     2.9068     2.9701
   10.7500     2.9453     2.9068     2.9701
   11.0000     2.9453     2.9068     2.9701
   11.2500     2.9453     2.9068     2.9701
   11.5000     2.9453     2.9068     2.9701
   11.7500     3.1707     2.9258     3.2530
   12.0000     3.2276     3.1470     3.2558
   12.2500     3.2276     3.1602     3.2558
   12.5000     3.2276     3.1602     3.2558
   12.7500     3.2276     3.1602     3.2558
   13.0000     3.2276     3.1602     3.2558
   13.2500     3.2276     3.1602     3.2558
   13.5000     3.2276     3.1602     3.2558
   13.7500     3.2276     3.1602     3.2558
   14.0000     3.2276     3.1602     3.2558
   14.2500     3.2276     3.1602     3.2558
   14.5000     3.2276     3.1602     3.2558
   14.7500     3.2276     3.1602     3.2558
   15.0000     3.2276     3.1602     3.2558
   15.2500     3.2276     3.1602     3.2558
   15.5000     3.2276     3.1602     3.2558
   15.7500     3.2276     3.1602     3.2558
   16.0000     3.2276     3.1602     3.2558
   16.2500     3.2276     3.1602     3.2558
   16.5000     3.2276     3.1602     3.2558
   16.7500     3.2276     3.1602     3.2558
   17.0000     3.2276     3.1602     3.2558
   17.2500     3.2276     3.1602     3.2558
   17.5000     3.2276     3.1602     3.2558
   17.7500     3.2276     3.1602     3.2558
   18.0000     3.2276     3.1602     3.2558
   18.2500     3.2276     3.1602     3.2558
   18.5000     3.2276     3.1602     3.2558
   18.7500     3.2276     3.1602     3.2558
   19.0000     3.2276     3.1602     3.2558
   19.2500     3.2276     3.1602     3.2558
   19.5000     3.2283     3.1602     3.2572
   19.7500     3.2533     3.1602     3.3413
   20.0000     3.2613     3.0950     3.3465
   20.2500     3.2780     3.0950     3.3465
   20.5000     3.2780     3.0950     3.3465
   20.7500     3.2780     3.0950     3.3465
   21.0000     3.2780     3.0950     3.3465
   21.2500     3.2780     3.0950     3.3465
   21.5000     3.2780     3.0950     3.3465
   21.7500     3.2780     3.0950     3.3465
   22.0000     3.2780     3.0950     3.3465
   22.2500     3.2780     3.0950     3.3465
   22.5000     3.2780     3.0950     3.3465
   22.7500     3.2780     3.0950     3.3465
   23.0000     3.2780     3.0950     3.3465
   23.2500     3.2780     3.0950     3.3465
   23.5000     3.2780     3.0950     3.3465
   23.7500     3.2780     3.0950     3.3465
   24.0000     3.2780     3.0950     3.3465
   24.2500     3.2780     3.0950     3.3465
   24.5000     3.2780     3.0950     3.3465
   24.7500     3.2780     3.0950     3.3465
   25.0000     3.2780     3.0950     3.3465
   25.2500     3.2780     3.0950     3.3465
   25.5000     3.2780     3.0950     3.3465
   25.7500     3.2780     3.0950     3.3465
   26.0000     3.2780     3.0950     3.3465
   26.2500     3.2780     3.0950     3.3465
   26.5000     3.2780     3.0950     3.3465
   26.7500     3.2780     3.0950     3.3465
   27.0000     3.2780     3.0950     3.3465
   27.2500     3.2780     3.0950     3.3465
   27.5000     3.2780     3.0950     3.3465
   27.7500     3.2780     3.0950     3.3465
   28.0000     3.2780     3.0950     3.3465
   28.2500     3.2780     3.0950     3.3465
   28.5000     3.2780     3.0950     3.3465
   28.7500     3.2780     3.0950     3.3465
   29.0000     3.2780     3.0950     3.3465
   29.2500     3.2780     3.0950     3.3465
   29.5000     3.2894     3.0950     3.3831
   29.7500     3.3190     3.0950     3.4591
   30.0000     3.3318     3.0950     3.4644
   30.2500     3.3600     3.2081     3.4765
   30.5000     3.3600     3.2081     3.4765
   30.7500     3.3600     3.2081     3.4765
   31.0000     3.3600     3.2081     3.4765
   31.2500     3.3600     3.2081     3.4765
   31.5000     3.3600     3.2081     3.4765
   31.7500     3.3600     3.2081     3.4765
   32.0000     3.3600     3.2081     3.4765
   32.2500     3.3600     3.2081     3.4765
   32.5000     3.3600     3.2081     3.4765
   32.7500     3.3600     3.2081     3.4765
   33.0000     3.3600     3.2081     3.4765
   33.2500     3.3600     3.2081     3.4765
   33.5000     3.3600     3.2081     3.4765
   33.7500     3.3600     3.2081     3.4765
   34.0000     3.3600     3.2081     3.4765
   34.2500     3.3600     3.2081     3.4765
   34.5000     3.3600     3.2081     3.4765
   34.7500     3.3600     3.2081     3.4765
   35.0000     3.3600     3.2081     3.4765
   35.2500     3.3600     3.2081     3.4765
   35.5000     3.3600     3.2081     3.4765
   35.7500     3.3600     3.2081     3.4765
   36.0000     3.3600     3.2081     3.4765
   36.2500     3.3600     3.2081     3.4765
   36.5000     3.3600     3.2081     3.4765
   36.7500     3.3600     3.2081     3.4765
   37.0000     3.3600     3.2081     3.4765
   37.2500     3.3600     3.2081     3.4765
   37.5000     3.3600     3.2081     3.4765
   37.7500     3.3600     3.2081     3.4765
   38.0000     3.3600     3.2081     3.4765
   38.2500     3.3600     3.2081     3.4765
   38.5000     3.3600     3.2081     3.4765
   38.7500     3.3600     3.2081     3.4765
   39.0000     3.3600     3.2081     3.4765
   39.2500     3.3600     3.2081     3.4765
   39.5000     3.3600     3.2081     3.4765
   39.7500     3.3600     3.2081     3.4765
   40.0000     3.3600     3.2081     3.4765
   40.2500     3.3600     3.2081     3.4765
   40.5000     3.3600     3.2081     3.4765
   40.7500     3.3600     3.2081     3.4765
   41.0000     3.3600     3.2081     3.4765
   41.2500     3.3600     3.2081     3.4765
   41.5000     3.3600     3.2081     3.4765
   41.7500     3.3600     3.2081     3.4765
   42.0000     3.3600     3.2081     3.4765
   42.2500     3.3600     3.2081     3.4765
   42.5000     3.3600     3.2081     3.4765
   42.7500     3.3600     3.2081     3.4765
   43.0000     3.3600     3.2081     3.4765
   43.2500     3.3600     3.2081     3.4765
   43.5000     3.3600     3.2081     3.4765
   43.7500     3.3600     3.2081     3.4765
   44.0000     3.3600     3.2081     3.4765
   44.2500     3.3600     3.2081     3.4765
   44.5000     3.3600     3.2081     3.4765
   44.7500     3.3600     3.2081     3.4765
   45.0000     3.3600     3.2081     3.4765
   45.2500     3.3600     3.2081     3.4765
   45.5000     3.3600     3.2081     3.4765
   45.7500     3.3600     3.2081     3.4765
   46.0000     3.3600     3.2081     3.4765
   46.2500     3.3600     3.2081     3.4765
   46.5000     3.3600     3.2081     3.4765
   46.7500     3.3600     3.2081     3.4765
   47.0000     3.3600     3.2081     3.4765
   47.2500     3.3600     3.2081     3.4765
   47.5000     3.3600     3.2081     3.4765
   47.7500     3.3600     3.2081     3.4765
   48.0000     3.3600     3.2081     3.4765
   48.2500     3.3600     3.2081     3.4765
   48.5000     3.3600     3.2081     3.4765
   48.7500     3.3600     3.2081     3.4765
   49.0000     3.3600     3.2081     3.4765
   49.2500     3.3600     3.2081     3.4765
   49.5000     3.3600     3.2081     3.4765
   49.7500     3.3600     3.2081     3.4765
   50.0000     3.3600     3.2081     3.4765
   50.2500     3.3600     3.2081     3.4765
   50.5000     3.3600     3.2081     3.4765
   50.7500     3.3600     3.2081     3.4765
   51.0000     3.3600     3.2081     3.4765
   51.2500     3.3600     3.2081     3.4765
   51.5000     3.3600     3.2081     3.4765
   51.7500     3.3600     3.2081     3.4765
   52.0000     3.3600     3.2081     3.4765
   52.2500     3.3600     3.2081     3.4765
   52.5000     3.3600     3.2081     3.4765
   52.7500     3.3600     3.2081     3.4765
   53.0000     3.3600     3.2081     3.4765
   53.2500     3.3600     3.2081     3.4765
   53.5000     3.3600     3.2081     3.4765
   53.7500     3.3600     3.2081     3.4765
   54.0000     3.3600     3.2081     3.4765
   54.2500     3.3600     3.2081     3.4765
   54.5000     3.3600     3.2081     3.4765
   54.7500     3.3600     3.2081     3.4765
   55.0000     3.3600     3.2081     3.4765
   55.2500     3.3600     3.2081     3.4765
   55.5000     3.3600     3.2081     3.4765
   55.7500     3.3600     3.2081     3.4765
   56.0000     3.3600     3.2081     3.4765
   56.2500     3.3600     3.2081     3.4765
   56.5000     3.3600     3.2081     3.4765
   56.7500     3.3600     3.2081     3.4765
   57.0000     3.3600     3.2081     3.4765
   57.2500     3.3600     3.2081     3.4765
   57.5000     3.3600     3.2081     3.4765
   57.7500     3.3600     3.2081     3.4765
   58.0000     3.3600     3.2081     3.4765
   58.2500     3.3600     3.2081     3.4765
   58.5000     3.3600     3.2081     3.4765
   58.7500     3.3600     3.2081     3.4765
   59.0000     3.3604     3.2081     3.4855
   59.2500     3.4016     3.2081     3.5932
   59.5000     3.4331     3.2081     3.6244
   59.7500     3.4331     3.2081     3.6244
   60.0000     3.4558     3.3048     3.6469
