# depth_km vs_median_km_s vs_p16 vs_p84
    0.0000     1.9723     1.9631     1.9802
    0.2500     1.9723     1.9631     1.9802
    0.5000     1.9723     1.9631     1.9802
    0.7500     1.9723     1.9631     1.9802
    1.0000     1.9723     1.9631     1.9802
    1.2500     1.9723     1.9631     1.9802
    1.5000     1.9723     1.9631     1.9802
    1.7500     3.3163     3.1896     3.4597
    2.0000     3.3219     3.1937     3.4676
    2.2500     3.3219     3.1937     3.4676
    2.5000     3.3219     3.1937     3.4676
    2.7500     3.3219     3.1937     3.4676
    3.0000     3.3219     3.1937     3.4676
    3.2500     3.3219     3.1937     3.4676
    3.5000     3.3219     3.1937     3.4676
    3.7500     3.3219     3.1937     3.4676
    4.0000     3.3219     3.1937     3.4676
    4.2500     3.3219     3.1937     3.4676
    4.5000     3.3219     3.1937     3.4676
    4.7500     3.3219     3.1937     3.4676
    5.0000     3.3219     3.1937     3.4676
    5.2500     3.3219     3.1937     3.4676
    5.5000     3.3219     3.1686     3.4676
    5.7500     2.5507     2.4208     2.8051
    6.0000     2.5298     2.4208     2.7415
    6.2500     2.5298     2.4208     2.7415
    6.5000     2.5298     2.4208     2.7415
    6.7500     2.5298     2.4208     2.7415
    7.0000     2.5298     2.4208     2.7415
    7.2500     2.5298     2.4208     2.7415
    7.5000     2.5298     2.4208     2.7415
    7.7500     2.5298     2.4208     2.7415
    8.0000     2.5298     2.4208     2.7415
    8.2500     2.5298     2.4208     2.7415
    8.5000     2.5298     2.4208     2.7415
    8.7500     2.5298     2.4208     2.7415
    9.0000     2.5298     2.4208     2.7415
    9.2500     2.5298     2.4208     2.7415
    9.5000     2.5298     2.4208     2.7415
    9.7500     2.5298     2.4208     2.7415
   10.0000     2.5298     2.4208     2.7415
   10.2500     2.5298     2.4208     2.7415
   10.5000     2.5298     2.4208     2.7415
   10.7500     2.5298     2.4208     2.7415
   11.0000     2.5298     2.4208     2.7415
   11.2500     2.5298     2.4208     2.7415
   11.5000     2.5353     2.4214     2.7546
   11.7500     2.8034     2.7424     2.9548
   12.0000     2.8107     2.7689     2.9548
   12.2500     2.8107     2.7689     2.9548
   12.5000     2.8107     2.7689     2.9548
   12.7500     2.8107     2.7689     2.9548
   13.0000     2.8107     2.7689     2.9548
   13.2500     2.8107     2.7689     2.9548
   13.5000     2.8107     2.7689     2.9548
   13.7500     2.8107     2.7689     2.9548
   14.0000     2.8107     2.7689     2.9548
   14.2500     2.8107     2.7689     2.9548
   14.5000     2.8107     2.7689     2.9548
   14.7500     2.8107     2.7689     2.9548
   15.0000     2.8107     2.7689     2.9548
   15.2500     2.8107     2.7689     2.9548
   15.5000     2.8107     2.7689     2.9548
   15.7500     2.8107     2.7689     2.9548
   16.0000     2.8107     2.7689     2.9548
   16.2500     2.8107     2.7689     2.9548
   16.5000     2.8107     2.7689     2.9548
   16.7500     2.8107     2.7689     2.9548
   17.0000     2.8107     2.7689     2.9548
   17.2500     2.8107     2.7689     2.9548
   17.5000     2.8107     2.7689     2.9548
   17.7500     2.8107     2.7689     2.9548
   18.0000     2.8107     2.7689     2.9548
   18.2500     2.8107     2.7689     2.9548
   18.5000     2.8107     2.7689     2.9548
   18.7500     2.8107     2.7689     2.9548
   19.0000     2.8107     2.7689     2.9548
   19.2500     2.8107     2.7689     2.9548
   19.5000     2.8870     2.7828     3.2709
   19.7500     3.0327     2.8100     3.2709
   20.0000     3.1363     3.0508     3.2709
   20.2500     3.1363     3.0544     3.2709
   20.5000     3.1363     3.0544     3.2709
   20.7500     3.1363     3.0544     3.2709
   21.0000     3.1363     3.0544     3.2709
   21.2500     3.1363     3.0544     3.2709
   21.5000     3.1363     3.0544     3.2709
   21.7500     3.1363     3.0544     3.2709
   22.0000     3.1363     3.0544     3.2709
   22.2500     3.1363     3.0544     3.2709
   22.5000     3.1363     3.0544     3.2709
   22.7500     3.1363     3.0544     3.2709
   23.0000     3.1363     3.0544     3.2709
   23.2500     3.1363     3.0544     3.2709
   23.5000     3.1363     3.0544     3.2709
   23.7500     3.1363     3.0544     3.2709
   24.0000     3.1363     3.0544     3.2709
   24.2500     3.1363     3.0544     3.2709
   24.5000     3.1363     3.0544     3.2709
   24.7500     3.1363     3.0544     3.2709
   25.0000     3.1363     3.0544     3.2709
   25.2500     3.1363     3.0544     3.2709
   25.5000     3.1363     3.0544     3.2709
   25.7500     3.1363     3.0544     3.2709
   26.0000     3.1363     3.0544     3.2709
   26.2500     3.1363     3.0544     3.2709
   26.5000     3.1363     3.0544     3.2709
   26.7500     3.1363     3.0544     3.2709
   27.0000     3.1363     3.0544     3.2709
   27.2500     3.1363     3.0544     3.2709
   27.5000     3.1363     3.0544     3.2709
   27.7500     3.1363     3.0544     3.2709
   28.0000     3.1363     3.0544     3.2709
   28.2500     3.1363     3.0544     3.2709
   28.5000     3.1363     3.0544     3.2709
   28.7500     3.1363     3.0544     3.2709
   29.0000     3.1363     3.0544     3.2709
   29.2500     3.1363     3.0544     3.2709
   29.5000     3.1504     3.0544     3.9069
   29.7500     3.6524     3.1239     3.9069
   30.0000     3.7048     3.5491     3.9069
   30.2500     3.7048     3.5491     3.9069
   30.5000     3.7048     3.5491     3.9069
   30.7500     3.7048     3.5491     3.9069
   31.0000     3.7048     3.5491     3.9069
   31.2500     3.7048     3.5491     3.9069
   31.5000     3.7048     3.5491     3.9069
   31.7500     3.7048     3.5491     3.9069
   32.0000     3.7048     3.5491     3.9069
   32.2500     3.7048     3.5491     3.9069
   32.5000     3.7048     3.5491     3.9069
   32.7500     3.7048     3.5491     3.9069
   33.0000     3.7048     3.5491     3.9069
   33.2500     3.7048     3.5491     3.9069
   33.5000     3.7048     3.5491     3.9069
   33.7500     3.7048     3.5491     3.9069
   34.0000     3.7048     3.5491     3.9069
   34.2500     3.7048     3.5491     3.9069
   34.5000     3.7048     3.5491     3.9069
   34.7500     3.7048     3.5491     3.9069
   35.0000     3.7048     3.5491     3.9069
   35.2500     3.7048     3.5491     3.9069
   35.5000     3.7048     3.5491     3.9069
   35.7500     3.7048     3.5491     3.9069
   36.0000     3.7048     3.5491     3.9069
   36.2500     3.7048     3.5491     3.9069
   36.5000     3.7048     3.5491     3.9069
   36.7500     3.7048     3.5491     3.9069
   37.0000     3.7048     3.5491     3.9069
   37.2500     3.7048     3.5491     3.9069
   37.5000     3.7048     3.5491     3.9069
   37.7500     3.7048     3.5491     3.9069
   38.0000     3.7048     3.5491     3.9069
   38.2500     3.7048     3.5491     3.9069
   38.5000     3.7048     3.5491     3.9069
   38.7500     3.7048     3.5491     3.9069
   39.0000     3.7048     3.5491     3.9069
   39.2500     3.7048     3.5491     3.9069
   39.5000     3.7048     3.5491     3.9069
   39.7500     3.7048     3.5491     3.9069
   40.0000     3.7048     3.5491     3.9069
   40.2500     3.7048     3.5491     3.9069
   40.5000     3.7048     3.5491     3.9069
   40.7500     3.7048     3.5491     3.9069
   41.0000     3.7048     3.5491     3.9069
   41.2500     3.7048     3.5491     3.9069
   41.5000     3.7048     3.5491     3.9069
   41.7500     3.7048     3.5491     3.9069
   42.0000     3.7048     3.5491     3.9069
   42.2500     3.7048     3.5491     3.9069
   42.5000     3.7048     3.5491     3.9069
   42.7500     3.7048     3.5491     3.9069
   43.0000     3.7048     3.5491     3.9069
   43.2500     3.7048     3.5491     3.9069
   43.5000     3.7048     3.5491     3.9069
   43.7500     3.7048     3.5491     3.9069
   44.0000     3.7048     3.5491     3.9069
   44.2500     3.7048     3.5491     3.9069
   44.5000     3.7048     3.5491     3.9069
   44.7500     3.7048     3.5491     3.9069
   45.0000     3.7048     3.5491     3.9069
   45.2500     3.7048     3.5491     3.9069
   45.5000     3.7048     3.5491     3.9069
   45.7500     3.7048     3.5491     3.9069
   46.0000     3.7048     3.5491     3.9069
   46.2500     3.7048     3.5491     3.9069
   46.5000     3.7048     3.5491     3.9069
   46.7500     3.7048     3.5491     3.9069
   47.0000     3.7048     3.5491     3.9069
   47.2500     3.7048     3.5491     3.9069
   47.5000     3.7048     3.5491     3.9069
   47.7500     3.7048     3.5491     3.9069
   48.0000     3.7048     3.5491     3.9069
   48.2500     3.7048     3.5491     3.9069
   48.5000     3.7048     3.5491     3.9069
   48.7500     3.7048     3.5491     3.9069
   49.0000     3.7048     3.5491     3.9069
   49.2500     3.7048     3.5491     3.9069
   49.5000     3.7048     3.5491     3.9069
   49.7500     3.7048     3.5491     3.9069
   50.0000     3.7048     3.5491     3.9069
   50.2500     3.7048     3.5491     3.9069
   50.5000     3.7048     3.5491     3.9069
   50.7500     3.7048     3.5491     3.9069
   51.0000     3.7048     3.5491     3.9069
   51.2500     3.7048     3.5491     3.9069
   51.5000     3.7048     3.5491     3.9069
   51.7500     3.7048     3.5491     3.9069
   52.0000     3.7048     3.5491     3.9069
   52.2500     3.7048     3.5491     3.9069
   52.5000     3.7048     3.5491     3.9069
   52.7500     3.7048     3.5491     3.9069
   53.0000     3.7048     3.5491     3.9069
   53.2500     3.7048     3.5491     3.9069
   53.5000     3.7048     3.5491     3.9069
   53.7500     3.7048     3.5491     3.9069
   54.0000     3.7048     3.5491     3.9069
   54.2500     3.7048     3.5491     3.9069
   54.5000     3.7048     3.5491     3.9069
   54.7500     3.7048     3.5491     3.9069
   55.0000     3.7048     3.5491     3.9069
   55.2500     3.7048     3.5491     3.9069
   55.5000     3.7048     3.5491     3.9069
   55.7500     3.7048     3.5491     3.9069
   56.0000     3.7048     3.5491     3.9069
   56.2500     3.7048     3.5491     3.9069
   56.5000     3.7048     3.5491     3.9069
   56.7500     3.7048     3.5491     3.9069
   57.0000     3.7048     3.5491     3.9069
   57.2500     3.7048     3.5491     3.9069
   57.5000     3.7048     3.5491     3.9069
   57.7500     3.7048     3.5491     3.9069
   58.0000     3.7048     3.5491     3.9069
   58.2500     3.7048     3.5491     3.9069
   58.5000     3.7048     3.5491     3.9069
   58.7500     3.7048     3.5491     3.9069
   59.0000     3.7544     3.5491     3.9453
   59.2500     3.8052     3.5491     4.1562
   59.5000     4.0785     3.6520     4.4135
   59.7500     4.0995     3.6921     4.4135
   60.0000     4.1166     3.6997     4.4135
