# depth_km vs_median_km_s vs_p16 vs_p84
    0.0000     1.7876     1.7816     1.7906
    0.2500     1.7876     1.7816     1.7906
    0.5000     1.7876     1.7816     1.7906
    0.7500     1.7876     1.7816     1.7906
    1.0000     1.7876     1.7816     1.7906
    1.2500     1.7876     1.7816     1.7906
    1.5000     1.7887     1.7841     1.7918
    1.7500     3.0093     2.8079     3.1855
    2.0000     3.0093     2.8079     3.1855
    2.2500     3.0093     2.8079     3.1855
    2.5000     3.0093     2.8079     3.1855
    2.7500     3.0093     2.8079     3.1855
    3.0000     3.0093     2.8079     3.1855
    3.2500     3.0093     2.8079     3.1855
    3.5000     3.0093     2.8079     3.1855
    3.7500     3.0093     2.8079     3.1855
    4.0000     3.0093     2.8079     3.1855
    4.2500     3.0093     2.8079     3.1855
    4.5000     3.0093     2.8079     3.1855
    4.7500     3.0093     2.8079     3.1855
    5.0000     3.0093     2.8079     3.1855
    5.2500     3.0093     2.8079     3.1855
    5.5000     3.0093     2.8079     3.1855
    5.7500     2.4515     2.2897     2.7121
    6.0000     2.4515     2.2897     2.6915
    6.2500     2.4515     2.2897     2.6915
    6.5000     2.4515     2.2897     2.6915
    6.7500     2.4515     2.2897     2.6915
    7.0000     2.4515     2.2897     2.6915
    7.2500     2.4515     2.2897     2.6915
    7.5000     2.4515     2.2897     2.6915
    7.7500     2.4515     2.2897     2.6915
    8.0000     2.4515     2.2897     2.6915
    8.2500     2.4515     2.2897     2.6915
    8.5000     2.4515     2.2897     2.6915
    8.7500     2.4515     2.2897     2.6915
    9.0000     2.4515     2.2897     2.6915
    9.2500     2.4515     2.2897     2.6915
    9.5000     2.4515     2.2897     2.6915
    9.7500     2.4515     2.2897     2.6915
   10.0000     2.4515     2.2897     2.6915
   10.2500     2.4515     2.2897     2.6915
   10.5000     2.4515     2.2897     2.6915
   10.7500     2.4515     2.2897     2.6915
   11.0000     2.4515     2.2897     2.6915
   11.2500     2.4515     2.2897     2.6915
   11.5000     2.5009     2.2897     2.7222
   11.7500     2.7934     2.6761     3.0338
   12.0000     2.7934     2.6865     3.0338
   12.2500     2.7934     2.6865     3.0338
   12.5000     2.7934     2.6865     3.0338
   12.7500     2.7934     2.6865     3.0338
   13.0000     2.7934     2.6865     3.0338
   13.2500     2.7934     2.6865     3.0338
   13.5000     2.7934     2.6865     3.0338
   13.7500     2.7934     2.6865     3.0338
   14.0000     2.7934     2.6865     3.0338
   14.2500     2.7934     2.6865     3.0338
   14.5000     2.7934     2.6865     3.0338
   14.7500     2.7934     2.6865     3.0338
   15.0000     2.7934     2.6865     3.0338
   15.2500     2.7934     2.6865     3.0338
   15.5000     2.7934     2.6865     3.0338
   15.7500     2.7934     2.6865     3.0338
   16.0000     2.7934     2.6865     3.0338
   16.2500     2.7934     2.6865     3.0338
   16.5000     2.7934     2.6865     3.0338
   16.7500     2.7934     2.6865     3.0338
   17.0000     2.7934     2.6865     3.0338
   17.2500     2.7934     2.6865     3.0338
   17.5000     2.7934     2.6865     3.0338
   17.7500     2.7934     2.6865     3.0338
   18.0000     2.7934     2.6865     3.0338
   18.2500     2.7934     2.6865     3.0338
   18.5000     2.7934     2.6865     3.0338
   18.7500     2.7934     2.6865     3.0338
   19.0000     2.7934     2.6865     3.0338
   19.2500     2.7934     2.6865     3.0338
   19.5000     2.8844     2.6865     3.3039
   19.7500     3.1186     2.7312     3.3039
   20.0000     3.1188     3.0276     3.3039
   20.2500     3.1188     3.0285     3.3039
   20.5000     3.1188     3.0285     3.3039
   20.7500     3.1188     3.0285     3.3039
   21.0000     3.1188     3.0285     3.3039
   21.2500     3.1188     3.0285     3.3039
   21.5000     3.1188     3.0285     3.3039
   21.7500     3.1188     3.0285     3.3039
   22.0000     3.1188     3.0285     3.3039
   22.2500     3.1188     3.0285     3.3039
   22.5000     3.1188     3.0285     3.3039
   22.7500     3.1188     3.0285     3.3039
   23.0000     3.1188     3.0285     3.3039
   23.2500     3.1188     3.0285     3.3039
   23.5000     3.1188     3.0285     3.3039
   23.7500     3.1188     3.0285     3.3039
   24.0000     3.1188     3.0285     3.3039
   24.2500     3.1188     3.0285     3.3039
   24.5000     3.1188     3.0285     3.3039
   24.7500     3.1188     3.0285     3.3039
   25.0000     3.1188     3.0285     3.3039
   25.2500     3.1188     3.0285     3.3039
   25.5000     3.1188     3.0285     3.3039
   25.7500     3.1188     3.0285     3.3039
   26.0000     3.1188     3.0285     3.3039
   26.2500     3.1188     3.0285     3.3039
   26.5000     3.1188     3.0285     3.3039
   26.7500     3.1188     3.0285     3.3039
   27.0000     3.1188     3.0285     3.3039
   27.2500     3.1188     3.0285     3.3039
   27.5000     3.1188     3.0285     3.3039
   27.7500     3.1188     3.0285     3.3039
   28.0000     3.1188     3.0285     3.3039
   28.2500     3.1188     3.0285     3.3039
   28.5000     3.1188     3.0285     3.3039
   28.7500     3.1188     3.0285     3.3039
   29.0000     3.1188     3.0285     3.3039
   29.2500     3.1188     3.0285     3.3085
   29.5000     3.5767     3.0285     3.8995
   29.7500     3.6811     3.0789     3.8995
   30.0000     3.7059     3.5396     3.8995
   30.2500     3.7174     3.5483     3.8995
   30.5000     3.7174     3.5483     3.8995
   30.7500     3.7174     3.5483     3.8995
   31.0000     3.7174     3.5483     3.8995
   31.2500     3.7174     3.5483     3.8995
   31.5000     3.7174     3.5483     3.8995
   31.7500     3.7174     3.5483     3.8995
   32.0000     3.7174     3.5483     3.8995
   32.2500     3.7174     3.5483     3.8995
   32.5000     3.7174     3.5483     3.8995
   32.7500     3.7174     3.5483     3.8995
   33.0000     3.7174     3.5483     3.8995
   33.2500     3.7174     3.5483     3.8995
   33.5000     3.7174     3.5483     3.8995
   33.7500     3.7174     3.5483     3.8995
   34.0000     3.7174     3.5483     3.8995
   34.2500     3.7174     3.5483     3.8995
   34.5000     3.7174     3.5483     3.8995
   34.7500     3.7174     3.5483     3.8995
   35.0000     3.7174     3.5483     3.8995
   35.2500     3.7174     3.5483     3.8995
   35.5000     3.7174     3.5483     3.8995
   35.7500     3.7174     3.5483     3.8995
   36.0000     3.7174     3.5483     3.8995
   36.2500     3.7174     3.5483     3.8995
   36.5000     3.7174     3.5483     3.8995
   36.7500     3.7174     3.5483     3.8995
   37.0000     3.7174     3.5483     3.8995
   37.2500     3.7174     3.5483     3.8995
   37.5000     3.7174     3.5483     3.8995
   37.7500     3.7174     3.5483     3.8995
   38.0000     3.7174     3.5483     3.8995
   38.2500     3.7174     3.5483     3.8995
   38.5000     3.7174     3.5483     3.8995
   38.7500     3.7174     3.5483     3.8995
   39.0000     3.7174     3.5483     3.8995
   39.2500     3.7174     3.5483     3.8995
   39.5000     3.7174     3.5483     3.8995
   39.7500     3.7174     3.5483     3.8995
   40.0000     3.7174     3.5483     3.8995
   40.2500     3.7174     3.5483     3.8995
   40.5000     3.7174     3.5483     3.8995
   40.7500     3.7174     3.5483     3.8995
   41.0000     3.7174     3.5483     3.8995
   41.2500     3.7174     3.5483     3.8995
   41.5000     3.7174     3.5483     3.8995
   41.7500     3.7174     3.5483     3.8995
   42.0000     3.7174     3.5483     3.8995
   42.2500     3.7174     3.5483     3.8995
   42.5000     3.7174     3.5483     3.8995
   42.7500     3.7174     3.5483     3.8995
   43.0000     3.7174     3.5483     3.8995
   43.2500     3.7174     3.5483     3.8995
   43.5000     3.7174     3.5483     3.8995
   43.7500     3.7174     3.5483     3.8995
   44.0000     3.7174     3.5483     3.8995
   44.2500     3.7174     3.5483     3.8995
   44.5000     3.7174     3.5483     3.8995
   44.7500     3.7174     3.5483     3.8995
   45.0000     3.7174     3.5483     3.8995
   45.2500     3.7174     3.5483     3.8995
   45.5000     3.7174     3.5483     3.8995
   45.7500     3.7174     3.5483     3.8995
   46.0000     3.7174     3.5483     3.8995
   46.2500     3.7174     3.5483     3.8995
   46.5000     3.7174     3.5483     3.8995
   46.7500     3.7174     3.5483     3.8995
   47.0000     3.7174     3.5483     3.8995
   47.2500     3.7174     3.5483     3.8995
   47.5000     3.7174     3.5483     3.8995
   47.7500     3.7174     3.5483     3.8995
   48.0000     3.7174     3.5483     3.8995
   48.2500     3.7174     3.5483     3.8995
   48.5000     3.7174     3.5483     3.8995
   48.7500     3.7174     3.5483     3.8995
   49.0000     3.7174     3.5483     3.8995
   49.2500     3.7174     3.5483     3.8995
   49.5000     3.7174     3.5483     3.8995
   49.7500     3.7174     3.5483     3.8995
   50.0000     3.7174     3.5483     3.8995
   50.2500     3.7174     3.5483     3.8995
   50.5000     3.7174     3.5483     3.8995
   50.7500     3.7174     3.5483     3.8995
   51.0000     3.7174     3.5483     3.8995
   51.2500     3.7174     3.5483     3.8995
   51.5000     3.7174     3.5483     3.8995
   51.7500     3.7174     3.5483     3.8995
   52.0000     3.7174     3.5483     3.8995
   52.2500     3.7174     3.5483     3.8995
   52.5000     3.7174     3.5483     3.8995
   52.7500     3.7174     3.5483     3.8995
   53.0000     3.7174     3.5483     3.8995
   53.2500     3.7174     3.5483     3.8995
   53.5000     3.7174     3.5483     3.8995
   53.7500     3.7174     3.5483     3.8995
   54.0000     3.7174     3.5483     3.8995
   54.2500     3.7174     3.5483     3.8995
   54.5000     3.7174     3.5483     3.8995
   54.7500     3.7174     3.5483     3.8995
   55.0000     3.7174     3.5483     3.8995
   55.2500     3.7174     3.5483     3.8995
   55.5000     3.7174     3.5483     3.8995
   55.7500     3.7174     3.5483     3.8995
   56.0000     3.7174     3.5483     3.8995
   56.2500     3.7174     3.5483     3.8995
   56.5000     3.7174     3.5483     3.8995
   56.7500     3.7174     3.5483     3.8995
   57.0000     3.7174     3.5483     3.8995
   57.2500     3.7174     3.5483     3.8995
   57.5000     3.7174     3.5483     3.8995
   57.7500     3.7174     3.5483     3.8995
   58.0000     3.7174     3.5483     3.8995
   58.2500     3.7174     3.5483     3.8995
   58.5000     3.7397     3.5483     3.9050
   58.7500     3.7754     3.5483     3.9236
   59.0000     3.7878     3.5483     4.1572
   59.2500     3.7928     3.5483     4.1682
   59.5000     4.0474     3.5623     4.3723
   59.7500     4.0795     3.6362     4.3723
   60.0000     4.1193     3.7555     4.3741
