# depth_km vs_median_km_s vs_p16 vs_p84
    0.0000     1.9736     1.9709     1.9762
    0.2500     1.9736     1.9709     1.9762
    0.5000     1.9736     1.9709     1.9762
    0.7500     1.9736     1.9709     1.9762
    1.0000     1.9736     1.9709     1.9762
    1.2500     1.9736     1.9709     1.9762
    1.5000     1.9736     1.9709     1.9762
    1.7500     1.9736     1.9709     1.9762
    2.0000     1.9774     1.9726     2.3784
    2.2500     2.3964     2.3645     2.4137
    2.5000     2.3964     2.3645     2.4137
    2.7500     2.3964     2.3645     2.4137
    3.0000     2.3964     2.3645     2.4137
    3.2500     2.3964     2.3645     2.4137
    3.5000     2.3964     2.3645     2.4137
    3.7500     2.3964     2.3645     2.4137
    4.0000     2.3964     2.3645     2.4137
    4.2500     2.3964     2.3645     2.4137
    4.5000     2.3964     2.3645     2.4137
    4.7500     2.3964     2.3645     2.4137
    5.0000     2.3964     2.3645     2.4137
    5.2500     2.3964     2.3645     2.4137
    5.5000     2.3964     2.3645     2.4137
    5.7500     2.3964     2.3645     2.4137
    6.0000     2.6167     2.4089     2.6818
    6.2500     2.6368     2.6162     2.6839
    6.5000     2.6368     2.6162     2.6839
    6.7500     2.6368     2.6162     2.6839
    7.0000     2.6368     2.6162     2.6839
    7.2500     2.6368     2.6162     2.6839
    7.5000     2.6368     2.6162     2.6839
    7.7500     2.6368     2.6162     2.6839
    8.0000     2.6368     2.6162     2.6839
    8.2500     2.6368     2.6162     2.6839
    8.5000     2.6368     2.6162     2.6839
    8.7500     2.6368     2.6162     2.6839
    9.0000     2.6368     2.6162     2.6839
    9.2500     2.6368     2.6162     2.6839
    9.5000     2.6368     2.6162     2.6839
    9.7500     2.6368     2.6162     2.6839
   10.0000     2.6368     2.6162     2.6839
   10.2500     2.6368     2.6162     2.6839
   10.5000     2.6368     2.6162     2.6839
   10.7500     2.6368     2.6162     2.6839
   11.0000     2.6368     2.6162     2.6839
   11.2500     2.6368     2.6162     2.6839
   11.5000     2.6368     2.6162     2.6839
   11.7500     2.6368     2.6162     2.6839
   12.0000     2.8207     2.6535     2.9286
   12.2500     2.8458     2.7459     2.9286
   12.5000     2.8458     2.7459     2.9286
   12.7500     2.8458     2.7459     2.9286
   13.0000     2.8458     2.7459     2.9286
   13.2500     2.8458     2.7459     2.9286
   13.5000     2.8458     2.7459     2.9286
   13.7500     2.8458     2.7459     2.9286
   14.0000     2.8458     2.7459     2.9286
   14.2500     2.8458     2.7459     2.9286
   14.5000     2.8458     2.7459     2.9286
   14.7500     2.8458     2.7459     2.9286
   15.0000     2.8458     2.7459     2.9286
   15.2500     2.8458     2.7459     2.9286
   15.5000     2.8458     2.7459     2.9286
   15.7500     2.8458     2.7459     2.9286
   16.0000     2.8458     2.7459     2.9286
   16.2500     2.8458     2.7459     2.9286
   16.5000     2.8458     2.7459     2.9286
   16.7500     2.8458     2.7459     2.9286
   17.0000     2.8458     2.7459     2.9286
   17.2500     2.8458     2.7459     2.9286
   17.5000     2.8458     2.7459     2.9286
   17.7500     2.8458     2.7459     2.9286
   18.0000     2.8458     2.7459     2.9286
   18.2500     2.8458     2.7459     2.9286
   18.5000     2.8458     2.7459     2.9286
   18.7500     2.8458     2.7459     2.9286
   19.0000     2.8458     2.7459     2.9286
   19.2500     2.8458     2.7459     2.9286
   19.5000     2.8458     2.7459     2.9286
   19.7500     2.8647     2.7459     3.2613
   20.0000     2.8966     2.7459     3.2966
   20.2500     3.0775     2.8022     3.2966
   20.5000     3.0961     2.9210     3.2966
   20.7500     3.0961     2.9238     3.2966
   21.0000     3.0961     2.9238     3.2966
   21.2500     3.0961     2.9238     3.2966
   21.5000     3.0961     2.9238     3.2966
   21.7500     3.0961     2.9238     3.2966
   22.0000     3.0961     2.9238     3.2966
   22.2500     3.0961     2.9238     3.2966
   22.5000     3.0961     2.9238     3.2966
   22.7500     3.0961     2.9238     3.2966
   23.0000     3.0961     2.9238     3.2966
   23.2500     3.0961     2.9238     3.2966
   23.5000     3.0961     2.9238     3.2966
   23.7500     3.0961     2.9238     3.2966
   24.0000     3.0961     2.9238     3.2966
   24.2500     3.0961     2.9238     3.2966
   24.5000     3.0961     2.9238     3.2966
   24.7500     3.0961     2.9238     3.2966
   25.0000     3.0961     2.9238     3.2966
   25.2500     3.0961     2.9238     3.2966
   25.5000     3.0961     2.9238     3.2966
   25.7500     3.0961     2.9238     3.2966
   26.0000     3.0961     2.9238     3.2966
   26.2500     3.0961     2.9238     3.2966
   26.5000     3.0961     2.9238     3.2966
   26.7500     3.0961     2.9238     3.2966
   27.0000     3.0961     2.9238     3.2966
   27.2500     3.0961     2.9238     3.2966
   27.5000     3.0961     2.9238     3.2966
   27.7500     3.0961     2.9238     3.2966
   28.0000     3.0961     2.9238     3.2966
   28.2500     3.0961     2.9238     3.2966
   28.5000     3.0961     2.9238     3.2966
   28.7500     3.0961     2.9238     3.2966
   29.0000     3.0961     2.9238     3.2966
   29.2500     3.0961     2.9238     3.2966
   29.5000     3.0961     2.9238     3.2966
   29.7500     3.0961     2.9238     3.6365
   30.0000     3.1044     2.9238     3.6370
   30.2500     3.4973     2.9337     3.6370
   30.5000     3.5181     3.4134     3.6438
   30.7500     3.5250     3.4529     3.6438
   31.0000     3.5250     3.4529     3.6438
   31.2500     3.5250     3.4529     3.6438
   31.5000     3.5250     3.4529     3.6438
   31.7500     3.5250     3.4529     3.6438
   32.0000     3.5250     3.4529     3.6438
   32.2500     3.5250     3.4529     3.6438
   32.5000     3.5250     3.4529     3.6438
   32.7500     3.5250     3.4529     3.6438
   33.0000     3.5250     3.4529     3.6438
   33.2500     3.5250     3.4529     3.6438
   33.5000     3.5250     3.4529     3.6438
   33.7500     3.5250     3.4529     3.6438
   34.0000     3.5250     3.4529     3.6438
   34.2500     3.5250     3.4529     3.6438
   34.5000     3.5250     3.4529     3.6438
   34.7500     3.5250     3.4529     3.6438
   35.0000     3.5250     3.4529     3.6438
   35.2500     3.5250     3.4529     3.6438
   35.5000     3.5250     3.4529     3.6438
   35.7500     3.5250     3.4529     3.6438
   36.0000     3.5250     3.4529     3.6438
   36.2500     3.5250     3.4529     3.6438
   36.5000     3.5250     3.4529     3.6438
   36.7500     3.5250     3.4529     3.6438
   37.0000     3.5250     3.4529     3.6438
   37.2500     3.5250     3.4529     3.6438
   37.5000     3.5250     3.4529     3.6438
   37.7500     3.5250     3.4529     3.6438
   38.0000     3.5250     3.4529     3.6438
   38.2500     3.5250     3.4529     3.6438
   38.5000     3.5250     3.4529     3.6438
   38.7500     3.5250     3.4529     3.6438
   39.0000     3.5250     3.4529     3.6438
   39.2500     3.5250     3.4529     3.6438
   39.5000     3.5250     3.4529     3.6438
   39.7500     3.5250     3.4529     3.6438
   40.0000     3.5250     3.4529     3.6438
   40.2500     3.5250     3.4529     3.6438
   40.5000     3.5250     3.4529     3.6438
   40.7500     3.5250     3.4529     3.6438
   41.0000     3.5250     3.4529     3.6438
   41.2500     3.5250     3.4529     3.6438
   41.5000     3.5250     3.4529     3.6438
   41.7500     3.5250     3.4529     3.6438
   42.0000     3.5250     3.4529     3.6438
   42.2500     3.5250     3.4529     3.6438
   42.5000     3.5250     3.4529     3.6438
   42.7500     3.5250     3.4529     3.6438
   43.0000     3.5250     3.4529     3.6438
   43.2500     3.5250     3.4529     3.6438
   43.5000     3.5250     3.4529     3.6438
   43.7500     3.5250     3.4529     3.6438
   44.0000     3.5250     3.4529     3.6438
   44.2500     3.5250     3.4529     3.6438
   44.5000     3.5250     3.4529     3.6438
   44.7500     3.5250     3.4529     3.6438
   45.0000     3.5250     3.4529     3.6438
   45.2500     3.5250     3.4529     3.6438
   45.5000     3.5250     3.4529     3.6438
   45.7500     3.5250     3.4529     3.6438
   46.0000     3.5250     3.4529     3.6438
   46.2500     3.5250     3.4529     3.6438
   46.5000     3.5250     3.4529     3.6438
   46.7500     3.5250     3.4529     3.6438
   47.0000     3.5250     3.4529     3.6438
   47.2500     3.5250     3.4529     3.6438
   47.5000     3.5250     3.4529     3.6438
   47.7500     3.5250     3.4529     3.6438
   48.0000     3.5250     3.4529     3.6438
   48.2500     3.5250     3.4529     3.6438
   48.5000     3.5250     3.4529     3.6438
   48.7500     3.5250     3.4529     3.6438
   49.0000     3.5250     3.4529     3.6438
   49.2500     3.5250     3.4529     3.6438
   49.5000     3.5250     3.4529     3.6438
   49.7500     3.5250     3.4529     3.6438
   50.0000     3.5250     3.4529     3.6438
   50.2500     3.5250     3.4529     3.6438
   50.5000     3.5250     3.4529     3.6438
   50.7500     3.5250     3.4529     3.6438
   51.0000     3.5250     3.4529     3.6438
   51.2500     3.5250     3.4529     3.6438
   51.5000     3.5250     3.4529     3.6438
   51.7500     3.5250     3.4529     3.6438
   52.0000     3.5250     3.4529     3.6438
   52.2500     3.5250     3.4529     3.6438
   52.5000     3.5250     3.4529     3.6438
   52.7500     3.5250     3.4529     3.6438
   53.0000     3.5250     3.4529     3.6438
   53.2500     3.5250     3.4529     3.6438
   53.5000     3.5250     3.4529     3.6438
   53.7500     3.5250     3.4529     3.6438
   54.0000     3.5250     3.4529     3.6438
   54.2500     3.5250     3.4529     3.6438
   54.5000     3.5250     3.4529     3.6438
   54.7500     3.5250     3.4529     3.6438
   55.0000     3.5250     3.4529     3.6438
   55.2500     3.5250     3.4529     3.6438
   55.5000     3.5250     3.4529     3.6438
   55.7500     3.5250     3.4529     3.6438
   56.0000     3.5250     3.4529     3.6438
   56.2500     3.5250     3.4529     3.6438
   56.5000     3.5250     3.4529     3.6438
   56.7500     3.5250     3.4529     3.6438
   57.0000     3.5250     3.4529     3.6438
   57.2500     3.5250     3.4529     3.6438
   57.5000     3.5250     3.4529     3.6438
   57.7500     3.5250     3.4529     3.6438
   58.0000     3.5250     3.4529     3.6438
   58.2500     3.5250     3.4529     3.6438
   58.5000     3.5250     3.4529     3.6438
   58.7500     3.5250     3.4529     3.6438
   59.0000     3.5250     3.4529     3.6438
   59.2500     3.5250     3.4529     3.6455
   59.5000     3.5294     3.4533     3.8705
   59.7500     3.5809     3.4685     3.9386
   60.0000     3.8708     3.5213     3.9890
