# depth_km vs_median_km_s vs_p16 vs_p84
    0.0000     1.8309     1.8139     1.8634
    0.2500     1.8309     1.8139     1.8634
    0.5000     1.8309     1.8139     1.8634
    0.7500     1.8309     1.8139     1.8634
    1.0000     1.8309     1.8139     1.8634
    1.2500     1.8309     1.8139     1.8634
    1.5000     1.8309     1.8139     1.8634
    1.7500     2.9835     2.9640     3.0000
    2.0000     2.9840     2.9662     3.0001
    2.2500     2.9840     2.9662     3.0001
    2.5000     2.9840     2.9662     3.0001
    2.7500     2.9840     2.9662     3.0001
    3.0000     2.9840     2.9662     3.0001
    3.2500     2.9840     2.9662     3.0001
    3.5000     2.9840     2.9662     3.0001
    3.7500     2.9840     2.9662     3.0001
    4.0000     2.9840     2.9662     3.0001
    4.2500     2.9840     2.9662     3.0001
    4.5000     2.9840     2.9662     3.0001
    4.7500     2.9840     2.9662     3.0001
    5.0000     2.9840     2.9662     3.0001
    5.2500     2.9840     2.9662     3.0001
    5.5000     2.9854     2.9679     3.0006
    5.7500     2.9742     2.9020     2.9991
    6.0000     2.9408     2.8751     2.9928
    6.2500     2.9408     2.8751     2.9928
    6.5000     2.9408     2.8751     2.9928
    6.7500     2.9408     2.8751     2.9928
    7.0000     2.9408     2.8751     2.9928
    7.2500     2.9408     2.8751     2.9928
    7.5000     2.9408     2.8751     2.9928
    7.7500     2.9408     2.8751     2.9928
    8.0000     2.9408     2.8751     2.9928
    8.2500     2.9408     2.8751     2.9928
    8.5000     2.9408     2.8751     2.9928
    8.7500     2.9408     2.8751     2.9928
    9.0000     2.9408     2.8751     2.9928
    9.2500     2.9408     2.8751     2.9928
    9.5000     2.9408     2.8751     2.9928
    9.7500     2.9408     2.8751     2.9928
   10.0000     2.9408     2.8751     2.9928
   10.2500     2.9408     2.8751     2.9928
   10.5000     2.9408     2.8751     2.9928
   10.7500     2.9408     2.8751     2.9928
   11.0000     2.9408     2.8751     2.9928
   11.2500     2.9408     2.8751     2.9928
   11.5000     2.9568     2.8751     3.0020
   11.7500     3.0989     2.8930     3.1545
   12.0000     3.1068     3.0534     3.1545
   12.2500     3.1068     3.0534     3.1545
   12.5000     3.1068     3.0534     3.1545
   12.7500     3.1068     3.0534     3.1545
   13.0000     3.1068     3.0534     3.1545
   13.2500     3.1068     3.0534     3.1545
   13.5000     3.1068     3.0534     3.1545
   13.7500     3.1068     3.0534     3.1545
   14.0000     3.1068     3.0534     3.1545
   14.2500     3.1068     3.0534     3.1545
   14.5000     3.1068     3.0534     3.1545
   14.7500     3.1068     3.0534     3.1545
   15.0000     3.1068     3.0534     3.1545
   15.2500     3.1068     3.0534     3.1545
   15.5000     3.1068     3.0534     3.1545
   15.7500     3.1068     3.0534     3.1545
   16.0000     3.1068     3.0534     3.1545
   16.2500     3.1068     3.0534     3.1545
   16.5000     3.1068     3.0534     3.1545
   16.7500     3.1068     3.0534     3.1545
   17.0000     3.1068     3.0534     3.1545
   17.2500     3.1068     3.0534     3.1545
   17.5000     3.1068     3.0534     3.1545
   17.7500     3.1068     3.0534     3.1545
   18.0000     3.1068     3.0534     3.1545
   18.2500     3.1068     3.0534     3.1545
   18.5000     3.1068     3.0534     3.1545
   18.7500     3.1068     3.0534     3.1545
   19.0000     3.1068     3.0534     3.1545
   19.2500     3.1068     3.0534     3.1545
   19.5000     3.1068     3.0534     3.1617
   19.7500     3.1339     3.0743     3.1742
   20.0000     3.1384     3.0882     3.1791
   20.2500     3.1500     3.1168     3.1986
   20.5000     3.1500     3.1168     3.1986
   20.7500     3.1500     3.1168     3.1986
   21.0000     3.1500     3.1168     3.1986
   21.2500     3.1500     3.1168     3.1986
   21.5000     3.1500     3.1168     3.1986
   21.7500     3.1500     3.1168     3.1986
   22.0000     3.1500     3.1168     3.1986
   22.2500     3.1500     3.1168     3.1986
   22.5000     3.1500     3.1168     3.1986
   22.7500     3.1500     3.1168     3.1986
   23.0000     3.1500     3.1168     3.1986
   23.2500     3.1500     3.1168     3.1986
   23.5000     3.1500     3.1168     3.1986
   23.7500     3.1500     3.1168     3.1986
   24.0000     3.1500     3.1168     3.1986
   24.2500     3.1500     3.1168     3.1986
   24.5000     3.1500     3.1168     3.1986
   24.7500     3.1500     3.1168     3.1986
   25.0000     3.1500     3.1168     3.1986
   25.2500     3.1500     3.1168     3.1986
   25.5000     3.1500     3.1168     3.1986
   25.7500     3.1500     3.1168     3.1986
   26.0000     3.1500     3.1168     3.1986
   26.2500     3.1500     3.1168     3.1986
   26.5000     3.1500     3.1168     3.1986
   26.7500     3.1500     3.1168     3.1986
   27.0000     3.1500     3.1168     3.1986
   27.2500     3.1500     3.1168     3.1986
   27.5000     3.1500     3.1168     3.1986
   27.7500     3.1500     3.1168     3.1986
   28.0000     3.1500     3.1168     3.1986
   28.2500     3.1500     3.1168     3.1986
   28.5000     3.1500     3.1168     3.1986
   28.7500     3.1500     3.1168     3.1986
   29.0000     3.1500     3.1168     3.1986
   29.2500     3.1503     3.1168     3.2037
   29.5000     3.1503     3.1168     3.2388
   29.7500     3.1511     3.1168     3.3112
   30.0000     3.2128     3.1211     3.3321
   30.2500     3.2655     3.2104     3.3357
   30.5000     3.2706     3.2240     3.3361
   30.7500     3.2706     3.2240     3.3361
   31.0000     3.2706     3.2240     3.3361
   31.2500     3.2706     3.2240     3.3361
   31.5000     3.2706     3.2240     3.3361
   31.7500     3.2706     3.2240     3.3361
   32.0000     3.2706     3.2240     3.3361
   32.2500     3.2706     3.2240     3.3361
   32.5000     3.2706     3.2240     3.3361
   32.7500     3.2706     3.2240     3.3361
   33.0000     3.2706     3.2240     3.3361
   33.2500     3.2706     3.2240     3.3361
   33.5000     3.2706     3.2240     3.3361
   33.7500     3.2706     3.2240     3.3361
   34.0000     3.2706     3.2240     3.3361
   34.2500     3.2706     3.2240     3.3361
   34.5000     3.2706     3.2240     3.3361
   34.7500     3.2706     3.2240     3.3361
   35.0000     3.2706     3.2240     3.3361
   35.2500     3.2706     3.2240     3.3361
   35.5000     3.2706     3.2240     3.3361
   35.7500     3.2706     3.2240     3.3361
   36.0000     3.2706     3.2240     3.3361
   36.2500     3.2706     3.2240     3.3361
   36.5000     3.2706     3.2240     3.3361
   36.7500     3.2706     3.2240     3.3361
   37.0000     3.2706     3.2240     3.3361
   37.2500     3.2706     3.2240     3.3361
   37.5000     3.2706     3.2240     3.3361
   37.7500     3.2706     3.2240     3.3361
   38.0000     3.2706     3.2240     3.3361
   38.2500     3.2706     3.2240     3.3361
   38.5000     3.2706     3.2240     3.3361
   38.7500     3.2706     3.2240     3.3361
   39.0000     3.2706     3.2240     3.3361
   39.2500     3.2706     3.2240     3.3361
   39.5000     3.2706     3.2240     3.3361
   39.7500     3.2706     3.2240     3.3361
   40.0000     3.2706     3.2240     3.3361
   40.2500     3.2706     3.2240     3.3361
   40.5000     3.2706     3.2240     3.3361
   40.7500     3.2706     3.2240     3.3361
   41.0000     3.2706     3.2240     3.3361
   41.2500     3.2706     3.2240     3.3361
   41.5000     3.2706     3.2240     3.3361
   41.7500     3.2706     3.2240     3.3361
   42.0000     3.2706     3.2240     3.3361
   42.2500     3.2706     3.2240     3.3361
   42.5000     3.2706     3.2240     3.3361
   42.7500     3.2706     3.2240     3.3361
   43.0000     3.2706     3.2240     3.3361
   43.2500     3.2706     3.2240     3.3361
   43.5000     3.2706     3.2240     3.3361
   43.7500     3.2706     3.2240     3.3361
   44.0000     3.2706     3.2240     3.3361
   44.2500     3.2706     3.2240     3.3361
   44.5000     3.2706     3.2240     3.3361
   44.7500     3.2706     3.2240     3.3361
   45.0000     3.2706     3.2240     3.3361
   45.2500     3.2706     3.2240     3.3361
   45.5000     3.2706     3.2240     3.3361
   45.7500     3.2706     3.2240     3.3361
   46.0000     3.2706     3.2240     3.3361
   46.2500     3.2706     3.2240     3.3361
   46.5000     3.2706     3.2240     3.3361
   46.7500     3.2706     3.2240     3.3361
   47.0000     3.2706     3.2240     3.3361
   47.2500     3.2706     3.2240     3.3361
   47.5000     3.2706     3.2240     3.3361
   47.7500     3.2706     3.2240     3.3361
   48.0000     3.2706     3.2240     3.3361
   48.2500     3.2706     3.2240     3.3361
   48.5000     3.2706     3.2240     3.3361
   48.7500     3.2706     3.2240     3.3361
   49.0000     3.2706     3.2240     3.3361
   49.2500     3.2706     3.2240     3.3361
   49.5000     3.2706     3.2240     3.3361
   49.7500     3.2706     3.2240     3.3361
   50.0000     3.2706     3.2240     3.3361
   50.2500     3.2706     3.2240     3.3361
   50.5000     3.2706     3.2240     3.3361
   50.7500     3.2706     3.2240     3.3361
   51.0000     3.2706     3.2240     3.3361
   51.2500     3.2706     3.2240     3.3361
   51.5000     3.2706     3.2240     3.3361
   51.7500     3.2706     3.2240     3.3361
   52.0000     3.2706     3.2240     3.3361
   52.2500     3.2706     3.2240     3.3361
   52.5000     3.2706     3.2240     3.3361
   52.7500     3.2706     3.2240     3.3361
   53.0000     3.2706     3.2240     3.3361
   53.2500     3.2706     3.2240     3.3361
   53.5000     3.2706     3.2240     3.3361
   53.7500     3.2706     3.2240     3.3361
   54.0000     3.2706     3.2240     3.3361
   54.2500     3.2706     3.2240     3.3361
   54.5000     3.2706     3.2240     3.3361
   54.7500     3.2706     3.2240     3.3361
   55.0000     3.2706     3.2240     3.3361
   55.2500     3.2706     3.2240     3.3361
   55.5000     3.2706     3.2240     3.3361
   55.7500     3.2706     3.2240     3.3361
   56.0000     3.2706     3.2240     3.3361
   56.2500     3.2706     3.2240     3.3361
   56.5000     3.2706     3.2240     3.3361
   56.7500     3.2706     3.2240     3.3361
   57.0000     3.2706     3.2240     3.3361
   57.2500     3.2706     3.2240     3.3361
   57.5000     3.2706     3.2240     3.3361
   57.7500     3.2706     3.2240     3.3361
   58.0000     3.2706     3.2240     3.3361
   58.2500     3.2706     3.2240     3.3361
   58.5000     3.2706     3.2240     3.3361
   58.7500     3.2706     3.2240     3.3361
   59.0000     3.2706     3.2240     3.3361
   59.2500     3.2706     3.2240     3.3361
   59.5000     3.2729     3.2240     3.3399
   59.7500     3.3156     3.2325     3.5251
   60.0000     3.4461     3.2644     3.5923
