# depth_km vs_median_km_s vs_p16 vs_p84
    0.0000     1.7555     1.7527     1.7583
    0.2500     1.7555     1.7527     1.7583
    0.5000     1.7555     1.7527     1.7583
    0.7500     1.7555     1.7527     1.7583
    1.0000     1.7555     1.7527     1.7583
    1.2500     1.7555     1.7527     1.7583
    1.5000     1.7555     1.7527     1.7583
    1.7500     2.7308     2.7100     2.7525
    2.0000     2.7308     2.7100     2.7525
    2.2500     2.7308     2.7100     2.7525
    2.5000     2.7308     2.7100     2.7525
    2.7500     2.7308     2.7100     2.7525
    3.0000     2.7308     2.7100     2.7525
    3.2500     2.7308     2.7100     2.7525
    3.5000     2.7308     2.7100     2.7525
    3.7500     2.7308     2.7100     2.7525
    4.0000     2.7308     2.7100     2.7525
    4.2500     2.7308     2.7100     2.7525
    4.5000     2.7308     2.7100     2.7525
    4.7500     2.7308     2.7100     2.7525
    5.0000     2.7308     2.7100     2.7525
    5.2500     2.7308     2.7100     2.7525
    5.5000     2.7458     2.7117     2.9117
    5.7500     2.8965     2.7370     2.9449
    6.0000     2.8965     2.7995     2.9449
    6.2500     2.8965     2.7995     2.9449
    6.5000     2.8965     2.7995     2.9449
    6.7500     2.8965     2.7995     2.9449
    7.0000     2.8965     2.7995     2.9449
    7.2500     2.8965     2.7995     2.9449
    7.5000     2.8965     2.7995     2.9449
    7.7500     2.8965     2.7995     2.9449
    8.0000     2.8965     2.7995     2.9449
    8.2500     2.8965     2.7995     2.9449
    8.5000     2.8965     2.7995     2.9449
    8.7500     2.8965     2.7995     2.9449
    9.0000     2.8965     2.7995     2.9449
    9.2500     2.8965     2.7995     2.9449
    9.5000     2.8965     2.7995     2.9449
    9.7500     2.8965     2.7995     2.9449
   10.0000     2.8965     2.7995     2.9449
   10.2500     2.8965     2.7995     2.9449
   10.5000     2.8965     2.7995     2.9449
   10.7500     2.8965     2.7995     2.9449
   11.0000     2.8965     2.7995     2.9449
   11.2500     2.8965     2.7995     2.9449
   11.5000     2.9434     2.8008     3.1977
   11.7500     3.1732     2.8008     3.2664
   12.0000     3.1740     2.8979     3.2664
   12.2500     3.1740     2.8990     3.2664
   12.5000     3.1740     2.8990     3.2664
   12.7500     3.1740     2.8990     3.2664
   13.0000     3.1740     2.8990     3.2664
   13.2500     3.1740     2.8990     3.2664
   13.5000     3.1740     2.8990     3.2664
   13.7500     3.1740     2.8990     3.2664
   14.0000     3.1740     2.8990     3.2664
   14.2500     3.1740     2.8990     3.2664
   14.5000     3.1740     2.8990     3.2664
   14.7500     3.1740     2.8990     3.2664
   15.0000     3.1740     2.8990     3.2664
   15.2500     3.1740     2.8990     3.2664
   15.5000     3.1740     2.8990     3.2664
   15.7500     3.1740     2.8990     3.2664
   16.0000     3.1740     2.8990     3.2664
   16.2500     3.1740     2.8990     3.2664
   16.5000     3.1740     2.8990     3.2664
   16.7500     3.1740     2.8990     3.2664
   17.0000     3.1740     2.8990     3.2664
   17.2500     3.1740     2.8990     3.2664
   17.5000     3.1740     2.8990     3.2664
   17.7500     3.1740     2.8990     3.2664
   18.0000     3.1740     2.8990     3.2664
   18.2500     3.1740     2.8990     3.2664
   18.5000     3.1740     2.8990     3.2664
   18.7500     3.1740     2.8990     3.2664
   19.0000     3.1740     2.8990     3.2696
   19.2500     3.1740     2.8990     3.2853
   19.5000     3.1740     2.8990     3.3622
   19.7500     3.2714     2.8990     3.3770
   20.0000     3.3076     2.8990     3.3951
   20.2500     3.3076     3.0262     3.3951
   20.5000     3.3076     3.0511     3.3951
   20.7500     3.3076     3.0511     3.3951
   21.0000     3.3076     3.0511     3.3951
   21.2500     3.3076     3.0511     3.3951
   21.5000     3.3076     3.0511     3.3951
   21.7500     3.3076     3.0511     3.3951
   22.0000     3.3076     3.0511     3.3951
   22.2500     3.3076     3.0511     3.3951
   22.5000     3.3076     3.0511     3.3951
   22.7500     3.3076     3.0511     3.3951
   23.0000     3.3076     3.0511     3.3951
   23.2500     3.3076     3.0511     3.3951
   23.5000     3.3076     3.0511     3.3951
   23.7500     3.3076     3.0511     3.3951
   24.0000     3.3076     3.0511     3.3951
   24.2500     3.3076     3.0511     3.3951
   24.5000     3.3076     3.0511     3.3951
   24.7500     3.3076     3.0511     3.3951
   25.0000     3.3076     3.0511     3.3951
   25.2500     3.3076     3.0511     3.3951
   25.5000     3.3076     3.0511     3.3951
   25.7500     3.3076     3.0511     3.3951
   26.0000     3.3076     3.0511     3.3951
   26.2500     3.3076     3.0511     3.3951
   26.5000     3.3076     3.0511     3.3951
   26.7500     3.3076     3.0511     3.3951
   27.0000     3.3076     3.0511     3.3951
   27.2500     3.3076     3.0511     3.3951
   27.5000     3.3076     3.0511     3.3951
   27.7500     3.3076     3.0511     3.3951
   28.0000     3.3076     3.0511     3.3951
   28.2500     3.3076     3.0511     3.3951
   28.5000     3.3076     3.0511     3.3951
   28.7500     3.3076     3.0511     3.3951
   29.0000     3.2811     3.0511     3.3951
   29.2500     3.2724     3.0511     3.3996
   29.5000     3.2596     3.0511     3.4107
   29.7500     3.2596     3.0511     3.4123
   30.0000     3.2596     3.0366     3.4123
   30.2500     3.2596     3.0114     3.4123
   30.5000     3.2596     2.9859     3.4123
   30.7500     3.2596     2.9539     3.4123
   31.0000     3.2596     2.9539     3.4123
   31.2500     3.2596     2.9539     3.4123
   31.5000     3.2596     2.9539     3.4123
   31.7500     3.2596     2.9539     3.4123
   32.0000     3.2596     2.9539     3.4123
   32.2500     3.2596     2.9539     3.4123
   32.5000     3.2596     2.9539     3.4123
   32.7500     3.2596     2.9539     3.4123
   33.0000     3.2596     2.9539     3.4123
   33.2500     3.2596     2.9539     3.4123
   33.5000     3.2596     2.9539     3.4123
   33.7500     3.2596     2.9539     3.4123
   34.0000     3.2596     2.9539     3.4123
   34.2500     3.2596     2.9539     3.4123
   34.5000     3.2596     2.9539     3.4123
   34.7500     3.2596     2.9539     3.4123
   35.0000     3.2596     2.9539     3.4123
   35.2500     3.2596     2.9539     3.4123
   35.5000     3.2596     2.9539     3.4123
   35.7500     3.2596     2.9539     3.4123
   36.0000     3.2596     2.9539     3.4123
   36.2500     3.2596     2.9539     3.4123
   36.5000     3.2596     2.9539     3.4123
   36.7500     3.2596     2.9539     3.4123
   37.0000     3.2596     2.9539     3.4123
   37.2500     3.2596     2.9539     3.4123
   37.5000     3.2596     2.9539     3.4123
   37.7500     3.2596     2.9539     3.4123
   38.0000     3.2596     2.9539     3.4123
   38.2500     3.2596     2.9539     3.4123
   38.5000     3.2596     2.9539     3.4123
   38.7500     3.2596     2.9539     3.4123
   39.0000     3.2596     2.9539     3.4123
   39.2500     3.2596     2.9539     3.4123
   39.5000     3.2596     2.9539     3.4123
   39.7500     3.2596     2.9539     3.4123
   40.0000     3.2596     2.9539     3.4123
   40.2500     3.2596     2.9539     3.4123
   40.5000     3.2596     2.9539     3.4123
   40.7500     3.2596     2.9539     3.4123
   41.0000     3.2596     2.9539     3.4123
   41.2500     3.2596     2.9539     3.4123
   41.5000     3.2596     2.9539     3.4123
   41.7500     3.2596     2.9539     3.4123
   42.0000     3.2596     2.9539     3.4123
   42.2500     3.2596     2.9539     3.4123
   42.5000     3.2596     2.9539     3.4123
   42.7500     3.2596     2.9539     3.4123
   43.0000     3.2596     2.9539     3.4123
   43.2500     3.2596     2.9539     3.4123
   43.5000     3.2596     2.9539     3.4123
   43.7500     3.2596     2.9539     3.4123
   44.0000     3.2596     2.9539     3.4123
   44.2500     3.2596     2.9539     3.4123
   44.5000     3.2596     2.9539     3.4123
   44.7500     3.2596     2.9539     3.4123
   45.0000     3.2596     2.9539     3.4123
   45.2500     3.2596     2.9539     3.4123
   45.5000     3.2596     2.9539     3.4123
   45.7500     3.2596     2.9539     3.4123
   46.0000     3.2596     2.9539     3.4123
   46.2500     3.2596     2.9539     3.4123
   46.5000     3.2596     2.9539     3.4123
   46.7500     3.2596     2.9539     3.4123
   47.0000     3.2596     2.9539     3.4123
   47.2500     3.2596     2.9539     3.4123
   47.5000     3.2596     2.9539     3.4123
   47.7500     3.2596     2.9539     3.4123
   48.0000     3.2596     2.9539     3.4123
   48.2500     3.2596     2.9539     3.4123
   48.5000     3.2596     2.9539     3.4123
   48.7500     3.2596     2.9539     3.4123
   49.0000     3.2596     2.9539     3.4123
   49.2500     3.2596     2.9539     3.4123
   49.5000     3.2596     2.9539     3.4123
   49.7500     3.2596     2.9539     3.4123
   50.0000     3.2596     2.9539     3.4123
   50.2500     3.2596     2.9539     3.4123
   50.5000     3.2596     2.9539     3.4123
   50.7500     3.2596     2.9539     3.4123
   51.0000     3.2596     2.9539     3.4123
   51.2500     3.2596     2.9539     3.4123
   51.5000     3.2596     2.9539     3.4123
   51.7500     3.2596     2.9539     3.4123
   52.0000     3.2596     2.9539     3.4123
   52.2500     3.2596     2.9539     3.4123
   52.5000     3.2596     2.9539     3.4123
   52.7500     3.2596     2.9539     3.4123
   53.0000     3.2596     2.9539     3.4123
   53.2500     3.2596     2.9539     3.4123
   53.5000     3.2596     2.9539     3.4123
   53.7500     3.2596     2.9539     3.4123
   54.0000     3.2596     2.9539     3.4123
   54.2500     3.2596     2.9539     3.4123
   54.5000     3.2596     2.9539     3.4123
   54.7500     3.2596     2.9539     3.4123
   55.0000     3.2596     2.9539     3.4123
   55.2500     3.2596     2.9539     3.4123
   55.5000     3.2596     2.9539     3.4123
   55.7500     3.2596     2.9539     3.4123
   56.0000     3.2596     2.9539     3.4123
   56.2500     3.2596     2.9539     3.4123
   56.5000     3.2596     2.9539     3.4123
   56.7500     3.2596     2.9539     3.4123
   57.0000     3.2596     2.9539     3.4123
   57.2500     3.2596     2.9539     3.4123
   57.5000     3.2596     2.9539     3.4123
   57.7500     3.2698     2.9539     3.4123
   58.0000     3.2814     2.9539     3.4160
   58.2500     3.2814     2.9539     3.4263
   58.5000     3.2844     2.9539     3.4522
   58.7500     3.2855     2.9539     3.4826
   59.0000     3.2855     2.9539     3.4984
   59.2500     3.2855     2.9539     3.5127
   59.5000     3.2905     2.9599     3.5292
   59.7500     3.2905     3.0035     3.5518
   60.0000     3.3121     3.0513     3.5829
