# depth_km vs_median_km_s vs_p16 vs_p84
    0.0000     2.1720     2.1655     2.1785
    0.2500     2.1720     2.1655     2.1785
    0.5000     2.1720     2.1655     2.1785
    0.7500     2.1720     2.1655     2.1785
    1.0000     2.1720     2.1655     2.1785
    1.2500     2.1720     2.1655     2.1785
    1.5000     2.1720     2.1655     2.1785
    1.7500     2.1720     2.1655     2.1785
    2.0000     2.1720     2.1655     2.1785
    2.2500     2.2365     2.2264     2.2466
    2.5000     2.2365     2.2264     2.2466
    2.7500     2.2365     2.2264     2.2466
    3.0000     2.2365     2.2264     2.2466
    3.2500     2.2365     2.2264     2.2466
    3.5000     2.2365     2.2264     2.2466
    3.7500     2.2365     2.2264     2.2466
    4.0000     2.2365     2.2264     2.2466
    4.2500     2.2365     2.2264     2.2466
    4.5000     2.2365     2.2264     2.2466
    4.7500     2.2365     2.2264     2.2466
    5.0000     2.2365     2.2264     2.2466
    5.2500     2.2365     2.2264     2.2466
    5.5000     2.2365     2.2264     2.2466
    5.7500     2.2372     2.2271     2.2472
    6.0000     2.2420     2.2289     2.2575
    6.2500     2.2434     2.2291     2.2584
    6.5000     2.2478     2.2318     2.2641
    6.7500     2.2494     2.2334     2.2662
    7.0000     2.2494     2.2334     2.2662
    7.2500     2.2494     2.2334     2.2662
    7.5000     2.2494     2.2334     2.2662
    7.7500     2.2494     2.2334     2.2662
    8.0000     2.2494     2.2334     2.2662
    8.2500     2.2494     2.2334     2.2662
    8.5000     2.2494     2.2334     2.2662
    8.7500     2.2494     2.2334     2.2662
    9.0000     2.2494     2.2334     2.2662
    9.2500     2.2494     2.2334     2.2662
    9.5000     2.2494     2.2334     2.2662
    9.7500     2.2494     2.2334     2.2662
   10.0000     2.2494     2.2334     2.2662
   10.2500     2.2494     2.2334     2.2662
   10.5000     2.2494     2.2334     2.2662
   10.7500     2.2494     2.2334     2.2662
   11.0000     2.2494     2.2334     2.2662
   11.2500     2.2494     2.2334     2.2662
   11.5000     2.2494     2.2334     2.2662
   11.7500     2.2470     2.2298     2.2656
   12.0000     2.2400     2.2244     2.2625
   12.2500     2.2375     2.2179     2.2622
   12.5000     2.2368     2.2178     2.2592
   12.7500     2.2367     2.2178     2.2574
   13.0000     2.2367     2.2178     2.2574
   13.2500     2.2367     2.2178     2.2574
   13.5000     2.2367     2.2178     2.2574
   13.7500     2.2367     2.2178     2.2574
   14.0000     2.2367     2.2178     2.2574
   14.2500     2.2367     2.2178     2.2574
   14.5000     2.2367     2.2178     2.2574
   14.7500     2.2367     2.2178     2.2574
   15.0000     2.2367     2.2178     2.2574
   15.2500     2.2367     2.2178     2.2574
   15.5000     2.2367     2.2178     2.2574
   15.7500     2.2367     2.2178     2.2574
   16.0000     2.2367     2.2178     2.2574
   16.2500     2.2367     2.2178     2.2574
   16.5000     2.2367     2.2178     2.2574
   16.7500     2.2367     2.2178     2.2574
   17.0000     2.2367     2.2178     2.2574
   17.2500     2.2367     2.2178     2.2574
   17.5000     2.2367     2.2178     2.2574
   17.7500     2.2367     2.2178     2.2574
   18.0000     2.2367     2.2178     2.2574
   18.2500     2.2367     2.2178     2.2574
   18.5000     2.2367     2.2178     2.2574
   18.7500     2.2367     2.2178     2.2574
   19.0000     2.2367     2.2178     2.2574
   19.2500     2.2367     2.2178     2.2574
   19.5000     2.2371     2.2190     2.2575
   19.7500     2.2531     2.2373     2.2719
   20.0000     2.2604     2.2418     2.2797
   20.2500     2.2604     2.2423     2.2800
   20.5000     2.2604     2.2423     2.2800
   20.7500     2.2627     2.2430     2.2829
   21.0000     2.2640     2.2431     2.2832
   21.2500     2.2640     2.2431     2.2832
   21.5000     2.2640     2.2431     2.2832
   21.7500     2.2640     2.2431     2.2832
   22.0000     2.2640     2.2431     2.2832
   22.2500     2.2640     2.2431     2.2832
   22.5000     2.2640     2.2431     2.2832
   22.7500     2.2640     2.2431     2.2832
   23.0000     2.2640     2.2431     2.2832
   23.2500     2.2640     2.2431     2.2832
   23.5000     2.2640     2.2431     2.2832
   23.7500     2.2640     2.2431     2.2832
   24.0000     2.2640     2.2431     2.2832
   24.2500     2.2640     2.2431     2.2832
   24.5000     2.2640     2.2431     2.2832
   24.7500     2.2640     2.2431     2.2832
   25.0000     2.2640     2.2431     2.2832
   25.2500     2.2640     2.2431     2.2832
   25.5000     2.2640     2.2431     2.2832
   25.7500     2.2640     2.2431     2.2832
   26.0000     2.2640     2.2431     2.2832
   26.2500     2.2640     2.2431     2.2832
   26.5000     2.2640     2.2431     2.2832
   26.7500     2.2640     2.2431     2.2832
   27.0000     2.2640     2.2431     2.2832
   27.2500     2.2640     2.2431     2.2832
   27.5000     2.2640     2.2431     2.2832
   27.7500     2.2640     2.2431     2.2832
   28.0000     2.2640     2.2431     2.2832
   28.2500     2.2640     2.2431     2.2832
   28.5000     2.2640     2.2431     2.2832
   28.7500     2.2640     2.2431     2.2832
   29.0000     2.2641     2.2430     2.2832
   29.2500     2.2644     2.2425     2.2855
   29.5000     2.2643     2.2406     2.2859
   29.7500     2.2645     2.2299     2.2870
   30.0000     2.2626     2.2262     2.2867
   30.2500     2.2624     2.2260     2.2866
   30.5000     2.2631     2.2262     2.2877
   30.7500     2.2634     2.2262     2.2898
   31.0000     2.2634     2.2262     2.2899
   31.2500     2.2634     2.2262     2.2899
   31.5000     2.2634     2.2262     2.2899
   31.7500     2.2634     2.2262     2.2899
   32.0000     2.2634     2.2262     2.2899
   32.2500     2.2634     2.2262     2.2899
   32.5000     2.2634     2.2262     2.2899
   32.7500     2.2634     2.2262     2.2899
   33.0000     2.2634     2.2262     2.2899
   33.2500     2.2634     2.2262     2.2899
   33.5000     2.2634     2.2262     2.2899
   33.7500     2.2634     2.2262     2.2899
   34.0000     2.2634     2.2262     2.2899
   34.2500     2.2634     2.2262     2.2899
   34.5000     2.2634     2.2262     2.2899
   34.7500     2.2634     2.2262     2.2899
   35.0000     2.2634     2.2262     2.2899
   35.2500     2.2634     2.2262     2.2899
   35.5000     2.2634     2.2262     2.2899
   35.7500     2.2634     2.2262     2.2899
   36.0000     2.2634     2.2262     2.2899
   36.2500     2.2634     2.2262     2.2899
   36.5000     2.2634     2.2262     2.2899
   36.7500     2.2634     2.2262     2.2899
   37.0000     2.2634     2.2262     2.2899
   37.2500     2.2634     2.2262     2.2899
   37.5000     2.2634     2.2262     2.2899
   37.7500     2.2634     2.2262     2.2899
   38.0000     2.2634     2.2262     2.2899
   38.2500     2.2634     2.2262     2.2899
   38.5000     2.2634     2.2262     2.2899
   38.7500     2.2634     2.2262     2.2899
   39.0000     2.2634     2.2262     2.2899
   39.2500     2.2634     2.2262     2.2899
   39.5000     2.2634     2.2262     2.2899
   39.7500     2.2634     2.2262     2.2899
   40.0000     2.2634     2.2262     2.2899
   40.2500     2.2634     2.2262     2.2899
   40.5000     2.2634     2.2262     2.2899
   40.7500     2.2634     2.2262     2.2899
   41.0000     2.2634     2.2262     2.2899
   41.2500     2.2634     2.2262     2.2899
   41.5000     2.2634     2.2262     2.2899
   41.7500     2.2634     2.2262     2.2899
   42.0000     2.2634     2.2262     2.2899
   42.2500     2.2634     2.2262     2.2899
   42.5000     2.2634     2.2262     2.2899
   42.7500     2.2634     2.2262     2.2899
   43.0000     2.2634     2.2262     2.2899
   43.2500     2.2634     2.2262     2.2899
   43.5000     2.2634     2.2262     2.2899
   43.7500     2.2634     2.2262     2.2899
   44.0000     2.2634     2.2262     2.2899
   44.2500     2.2634     2.2262     2.2899
   44.5000     2.2634     2.2262     2.2899
   44.7500     2.2634     2.2262     2.2899
   45.0000     2.2634     2.2262     2.2899
   45.2500     2.2634     2.2262     2.2899
   45.5000     2.2634     2.2262     2.2899
   45.7500     2.2634     2.2262     2.2899
   46.0000     2.2634     2.2262     2.2899
   46.2500     2.2634     2.2262     2.2899
   46.5000     2.2634     2.2262     2.2899
   46.7500     2.2634     2.2262     2.2899
   47.0000     2.2634     2.2262     2.2899
   47.2500     2.2634     2.2262     2.2899
   47.5000     2.2634     2.2262     2.2899
   47.7500     2.2634     2.2262     2.2899
   48.0000     2.2634     2.2262     2.2899
   48.2500     2.2634     2.2262     2.2899
   48.5000     2.2634     2.2262     2.2899
   48.7500     2.2634     2.2262     2.2899
   49.0000     2.2634     2.2262     2.2899
   49.2500     2.2634     2.2262     2.2899
   49.5000     2.2634     2.2262     2.2899
   49.7500     2.2634     2.2262     2.2899
   50.0000     2.2634     2.2262     2.2899
   50.2500     2.2634     2.2262     2.2899
   50.5000     2.2634     2.2262     2.2899
   50.7500     2.2634     2.2262     2.2899
   51.0000     2.2634     2.2262     2.2899
   51.2500     2.2634     2.2262     2.2899
   51.5000     2.2634     2.2262     2.2899
   51.7500     2.2634     2.2262     2.2899
   52.0000     2.2634     2.2262     2.2899
   52.2500     2.2634     2.2262     2.2899
   52.5000     2.2634     2.2262     2.2899
   52.7500     2.2634     2.2262     2.2899
   53.0000     2.2634     2.2262     2.2899
   53.2500     2.2634     2.2262     2.2899
   53.5000     2.2634     2.2262     2.2899
   53.7500     2.2634     2.2262     2.2899
   54.0000     2.2634     2.2262     2.2899
   54.2500     2.2634     2.2262     2.2899
   54.5000     2.2634     2.2262     2.2899
   54.7500     2.2634     2.2262     2.2899
   55.0000     2.2634     2.2262     2.2899
   55.2500     2.2634     2.2262     2.2899
   55.5000     2.2634     2.2262     2.2899
   55.7500     2.2634     2.2262     2.2899
   56.0000     2.2634     2.2262     2.2899
   56.2500     2.2634     2.2262     2.2899
   56.5000     2.2634     2.2262     2.2899
   56.7500     2.2634     2.2262     2.2899
   57.0000     2.2634     2.2262     2.2899
   57.2500     2.2634     2.2262     2.2899
   57.5000     2.2634     2.2262     2.2899
   57.7500     2.2634     2.2256     2.2899
   58.0000     2.2634     2.2237     2.2899
   58.2500     2.2634     2.2119     2.2899
   58.5000     2.2633     2.2008     2.2898
   58.7500     2.2628     2.1948     2.2900
   59.0000     2.2596     2.1948     2.2900
   59.2500     2.2533     2.1948     2.2898
   59.5000     2.2468     2.1945     2.2885
   59.7500     2.2436     2.1941     2.2874
   60.0000     2.2424     2.1930     2.2831
