# depth_km vs_median_km_s vs_p16 vs_p84
    0.0000     1.6591     1.6581     1.6602
    0.2500     1.6591     1.6581     1.6602
    0.5000     1.6591     1.6581     1.6602
    0.7500     1.6591     1.6581     1.6602
    1.0000     1.6591     1.6581     1.6602
    1.2500     1.6591     1.6581     1.6602
    1.5000     3.1405     3.1329     3.1490
    1.7500     3.1405     3.1329     3.1490
    2.0000     3.1405     3.1329     3.1490
    2.2500     3.1405     3.1329     3.1490
    2.5000     3.1405     3.1329     3.1490
    2.7500     3.1405     3.1329     3.1490
    3.0000     3.1405     3.1329     3.1490
    3.2500     3.1405     3.1329     3.1490
    3.5000     3.1405     3.1329     3.1490
    3.7500     3.1405     3.1329     3.1490
    4.0000     3.1405     3.1329     3.1490
    4.2500     3.1405     3.1329     3.1490
    4.5000     3.1405     3.1329     3.1490
    4.7500     3.1405     3.1329     3.1490
    5.0000     3.1405     3.1329     3.1490
    5.2500     3.1405     3.1329     3.1490
    5.5000     2.7092     2.3109     3.1409
    5.7500     2.4983     2.3043     2.7235
    6.0000     2.4983     2.3043     2.7235
    6.2500     2.4983     2.3043     2.7235
    6.5000     2.4983     2.3043     2.7235
    6.7500     2.4983     2.3043     2.7235
    7.0000     2.4983     2.3043     2.7235
    7.2500     2.4983     2.3043     2.7235
    7.5000     2.4983     2.3043     2.7235
    7.7500     2.4983     2.3043     2.7235
    8.0000     2.4983     2.3043     2.7235
    8.2500     2.4983     2.3043     2.7235
    8.5000     2.4983     2.3043     2.7235
    8.7500     2.4983     2.3043     2.7235
    9.0000     2.4983     2.3043     2.7235
    9.2500     2.4983     2.3043     2.7235
    9.5000     2.4983     2.3043     2.7235
    9.7500     2.4983     2.3043     2.7235
   10.0000     2.4983     2.3043     2.7235
   10.2500     2.4983     2.3043     2.7235
   10.5000     2.4983     2.3043     2.7235
   10.7500     2.4983     2.3043     2.7235
   11.0000     2.4983     2.3043     2.7235
   11.2500     2.5073     2.3043     2.7332
   11.5000     2.8209     2.7678     3.0234
   11.7500     2.8660     2.7918     3.0628
   12.0000     2.8660     2.7918     3.0628
   12.2500     2.8660     2.7918     3.0628
   12.5000     2.8660     2.7918     3.0628
   12.7500     2.8660     2.7918     3.0628
   13.0000     2.8660     2.7918     3.0628
   13.2500     2.8660     2.7918     3.0628
   13.5000     2.8660     2.7918     3.0628
   13.7500     2.8660     2.7918     3.0628
   14.0000     2.8660     2.7918     3.0628
   14.2500     2.8660     2.7918     3.0628
   14.5000     2.8660     2.7918     3.0628
   14.7500     2.8660     2.7918     3.0628
   15.0000     2.8660     2.7918     3.0628
   15.2500     2.8660     2.7918     3.0628
   15.5000     2.8660     2.7918     3.0628
   15.7500     2.8660     2.7918     3.0628
   16.0000     2.8660     2.7918     3.0628
   16.2500     2.8660     2.7918     3.0628
   16.5000     2.8660     2.7918     3.0628
   16.7500     2.8660     2.7918     3.0628
   17.0000     2.8660     2.7918     3.0628
   17.2500     2.8660     2.7918     3.0628
   17.5000     2.8660     2.7918     3.0628
   17.7500     2.8660     2.7918     3.0628
   18.0000     2.8660     2.7918     3.0628
   18.2500     2.8660     2.7918     3.0628
   18.5000     2.8660     2.7918     3.0628
   18.7500     2.8660     2.7918     3.0628
   19.0000     2.8660     2.7918     3.0628
   19.2500     2.8660     2.7918     3.3934
   19.5000     3.1857     2.8156     3.4331
   19.7500     3.3106     3.2309     3.4331
   20.0000     3.3106     3.2309     3.4331
   20.2500     3.3106     3.2309     3.4331
   20.5000     3.3106     3.2309     3.4331
   20.7500     3.3106     3.2309     3.4331
   21.0000     3.3106     3.2309     3.4331
   21.2500     3.3106     3.2309     3.4331
   21.5000     3.3106     3.2309     3.4331
   21.7500     3.3106     3.2309     3.4331
   22.0000     3.3106     3.2309     3.4331
   22.2500     3.3106     3.2309     3.4331
   22.5000     3.3106     3.2309     3.4331
   22.7500     3.3106     3.2309     3.4331
   23.0000     3.3106     3.2309     3.4331
   23.2500     3.3106     3.2309     3.4331
   23.5000     3.3106     3.2309     3.4331
   23.7500     3.3106     3.2309     3.4331
   24.0000     3.3106     3.2309     3.4331
   24.2500     3.3106     3.2309     3.4331
   24.5000     3.3106     3.2309     3.4331
   24.7500     3.3106     3.2309     3.4331
   25.0000     3.3106     3.2309     3.4331
   25.2500     3.3106     3.2309     3.4331
   25.5000     3.3106     3.2309     3.4331
   25.7500     3.3106     3.2309     3.4331
   26.0000     3.3106     3.2309     3.4331
   26.2500     3.3106     3.2309     3.4331
   26.5000     3.3106     3.2309     3.4331
   26.7500     3.3106     3.2309     3.4331
   27.0000     3.3106     3.2309     3.4331
   27.2500     3.3106     3.2309     3.4331
   27.5000     3.3106     3.2309     3.4331
   27.7500     3.3106     3.2309     3.4331
   28.0000     3.3106     3.2309     3.4331
   28.2500     3.3106     3.2309     3.4331
   28.5000     3.3106     3.2309     3.4331
   28.7500     3.3106     3.2309     3.4331
   29.0000     3.3106     3.2309     3.4331
   29.2500     3.3456     3.2309     3.7960
   29.5000     3.7175     3.2464     3.8966
   29.7500     3.7403     3.4132     3.8966
   30.0000     3.7403     3.4132     3.8966
   30.2500     3.7403     3.4132     3.8966
   30.5000     3.7403     3.4132     3.8966
   30.7500     3.7403     3.4132     3.8966
   31.0000     3.7403     3.4132     3.8966
   31.2500     3.7403     3.4132     3.8966
   31.5000     3.7403     3.4132     3.8966
   31.7500     3.7403     3.4132     3.8966
   32.0000     3.7403     3.4132     3.8966
   32.2500     3.7403     3.4132     3.8966
   32.5000     3.7403     3.4132     3.8966
   32.7500     3.7403     3.4132     3.8966
   33.0000     3.7403     3.4132     3.8966
   33.2500     3.7403     3.4132     3.8966
   33.5000     3.7403     3.4132     3.8966
   33.7500     3.7403     3.4132     3.8966
   34.0000     3.7403     3.4132     3.8966
   34.2500     3.7403     3.4132     3.8966
   34.5000     3.7403     3.4132     3.8966
   34.7500     3.7403     3.4132     3.8966
   35.0000     3.7403     3.4132     3.8966
   35.2500     3.7403     3.4132     3.8966
   35.5000     3.7403     3.4132     3.8966
   35.7500     3.7403     3.4132     3.8966
   36.0000     3.7403     3.4132     3.8966
   36.2500     3.7403     3.4132     3.8966
   36.5000     3.7403     3.4132     3.8966
   36.7500     3.7403     3.4132     3.8966
   37.0000     3.7403     3.4132     3.8966
   37.2500     3.7403     3.4132     3.8966
   37.5000     3.7403     3.4132     3.8966
   37.7500     3.7403     3.4132     3.8966
   38.0000     3.7403     3.4132     3.8966
   38.2500     3.7403     3.4132     3.8966
   38.5000     3.7403     3.4132     3.8966
   38.7500     3.7403     3.4132     3.8966
   39.0000     3.7403     3.4132     3.8966
   39.2500     3.7403     3.4132     3.8966
   39.5000     3.7403     3.4132     3.8966
   39.7500     3.7403     3.4132     3.8966
   40.0000     3.7403     3.4132     3.8966
   40.2500     3.7403     3.4132     3.8966
   40.5000     3.7403     3.4132     3.8966
   40.7500     3.7403     3.4132     3.8966
   41.0000     3.7403     3.4132     3.8966
   41.2500     3.7403     3.4132     3.8966
   41.5000     3.7403     3.4132     3.8966
   41.7500     3.7403     3.4132     3.8966
   42.0000     3.7403     3.4132     3.8966
   42.2500     3.7403     3.4132     3.8966
   42.5000     3.7403     3.4132     3.8966
   42.7500     3.7403     3.4132     3.8966
   43.0000     3.7403     3.4132     3.8966
   43.2500     3.7403     3.4132     3.8966
   43.5000     3.7403     3.4132     3.8966
   43.7500     3.7403     3.4132     3.8966
   44.0000     3.7403     3.4132     3.8966
   44.2500     3.7403     3.4132     3.8966
   44.5000     3.7403     3.4132     3.8966
   44.7500     3.7403     3.4132     3.8966
   45.0000     3.7403     3.4132     3.8966
   45.2500     3.7403     3.4132     3.8966
   45.5000     3.7403     3.4132     3.8966
   45.7500     3.7403     3.4132     3.8966
   46.0000     3.7403     3.4132     3.8966
   46.2500     3.7403     3.4132     3.8966
   46.5000     3.7403     3.4132     3.8966
   46.7500     3.7403     3.4132     3.8966
   47.0000     3.7403     3.4132     3.8966
   47.2500     3.7403     3.4132     3.8966
   47.5000     3.7403     3.4132     3.8966
   47.7500     3.7403     3.4132     3.8966
   48.0000     3.7403     3.4132     3.8966
   48.2500     3.7403     3.4132     3.8966
   48.5000     3.7403     3.4132     3.8966
   48.7500     3.7403     3.4132     3.8966
   49.0000     3.7403     3.4132     3.8966
   49.2500     3.7403     3.4132     3.8966
   49.5000     3.7403     3.4132     3.8966
   49.7500     3.7403     3.4132     3.8966
   50.0000     3.7403     3.4132     3.8966
   50.2500     3.7403     3.4132     3.8966
   50.5000     3.7403     3.4132     3.8966
   50.7500     3.7403     3.4132     3.8966
   51.0000     3.7403     3.4132     3.8966
   51.2500     3.7403     3.4132     3.8966
   51.5000     3.7403     3.4132     3.8966
   51.7500     3.7403     3.4132     3.8966
   52.0000     3.7403     3.4132     3.8966
   52.2500     3.7403     3.4132     3.8966
   52.5000     3.7403     3.4132     3.8966
   52.7500     3.7403     3.4132     3.8966
   53.0000     3.7403     3.4132     3.8966
   53.2500     3.7403     3.4132     3.8966
   53.5000     3.7403     3.4132     3.8966
   53.7500     3.7403     3.4132     3.8966
   54.0000     3.7403     3.4132     3.8966
   54.2500     3.7403     3.4132     3.8966
   54.5000     3.7403     3.4132     3.8966
   54.7500     3.7403     3.4132     3.8966
   55.0000     3.7403     3.4132     3.8966
   55.2500     3.7403     3.4132     3.8966
   55.5000     3.7403     3.4132     3.8966
   55.7500     3.7403     3.4132     3.8966
   56.0000     3.7403     3.4132     3.8966
   56.2500     3.7403     3.4132     3.8966
   56.5000     3.7403     3.4132     3.8966
   56.7500     3.7403     3.4132     3.8966
   57.0000     3.7403     3.4132     3.8966
   57.2500     3.7403     3.4132     3.8966
   57.5000     3.7403     3.4132     3.8966
   57.7500     3.7403     3.4132     3.8966
   58.0000     3.7484     3.4132     3.9143
   58.2500     3.7656     3.4132     3.9395
   58.5000     3.7698     3.4132     4.0249
   58.7500     3.7701     3.4132     4.0410
   59.0000     3.7724     3.4132     4.1005
   59.2500     3.8183     3.4286     4.1413
   59.5000     4.0917     3.6079     4.1898
   59.7500     4.1053     3.6356     4.2012
   60.0000     4.1063     3.6391     4.2012
