# depth_km vs_median_km_s vs_p16 vs_p84
    0.0000     1.7710     1.7705     1.7716
    0.2500     1.7710     1.7705     1.7716
    0.5000     1.7710     1.7705     1.7716
    0.7500     1.7710     1.7705     1.7716
    1.0000     1.7710     1.7705     1.7716
    1.2500     1.7710     1.7705     1.7716
    1.5000     2.7755     2.7733     2.7779
    1.7500     2.7755     2.7733     2.7779
    2.0000     2.7755     2.7733     2.7779
    2.2500     2.7755     2.7733     2.7779
    2.5000     2.7755     2.7733     2.7779
    2.7500     2.7755     2.7733     2.7779
    3.0000     2.7755     2.7733     2.7779
    3.2500     2.7755     2.7733     2.7779
    3.5000     2.7755     2.7733     2.7779
    3.7500     2.7755     2.7733     2.7779
    4.0000     2.7755     2.7733     2.7779
    4.2500     2.7755     2.7733     2.7779
    4.5000     2.7755     2.7733     2.7779
    4.7500     2.7755     2.7733     2.7779
    5.0000     2.7755     2.7733     2.7779
    5.2500     2.7753     2.7724     2.7778
    5.5000     2.7206     2.5850     2.8559
    5.7500     2.7090     2.5850     2.8559
    6.0000     2.7090     2.5850     2.8559
    6.2500     2.7090     2.5850     2.8559
    6.5000     2.7090     2.5850     2.8559
    6.7500     2.7090     2.5850     2.8559
    7.0000     2.7090     2.5850     2.8559
    7.2500     2.7090     2.5850     2.8559
    7.5000     2.7090     2.5850     2.8559
    7.7500     2.7090     2.5850     2.8559
    8.0000     2.7090     2.5850     2.8559
    8.2500     2.7090     2.5850     2.8559
    8.5000     2.7090     2.5850     2.8559
    8.7500     2.7090     2.5850     2.8559
    9.0000     2.7090     2.5850     2.8559
    9.2500     2.7090     2.5850     2.8559
    9.5000     2.7090     2.5850     2.8559
    9.7500     2.7090     2.5850     2.8559
   10.0000     2.7090     2.5850     2.8559
   10.2500     2.7090     2.5850     2.8559
   10.5000     2.7090     2.5850     2.8559
   10.7500     2.7090     2.5850     2.8559
   11.0000     2.7090     2.5850     2.8559
   11.2500     2.7113     2.6022     2.8726
   11.5000     2.8584     2.7923     3.0483
   11.7500     2.8584     2.7923     3.0483
   12.0000     2.8584     2.7923     3.0483
   12.2500     2.8584     2.7923     3.0483
   12.5000     2.8584     2.7923     3.0483
   12.7500     2.8584     2.7923     3.0483
   13.0000     2.8584     2.7923     3.0483
   13.2500     2.8584     2.7923     3.0483
   13.5000     2.8584     2.7923     3.0483
   13.7500     2.8584     2.7923     3.0483
   14.0000     2.8584     2.7923     3.0483
   14.2500     2.8584     2.7923     3.0483
   14.5000     2.8584     2.7923     3.0483
   14.7500     2.8584     2.7923     3.0483
   15.0000     2.8584     2.7923     3.0483
   15.2500     2.8584     2.7923     3.0483
   15.5000     2.8584     2.7923     3.0483
   15.7500     2.8584     2.7923     3.0483
   16.0000     2.8584     2.7923     3.0483
   16.2500     2.8584     2.7923     3.0483
   16.5000     2.8584     2.7923     3.0483
   16.7500     2.8584     2.7923     3.0483
   17.0000     2.8584     2.7923     3.0483
   17.2500     2.8584     2.7923     3.0483
   17.5000     2.8584     2.7923     3.0483
   17.7500     2.8584     2.7923     3.0483
   18.0000     2.8584     2.7923     3.0483
   18.2500     2.8584     2.7923     3.0483
   18.5000     2.8584     2.7923     3.0483
   18.7500     2.8584     2.7923     3.0483
   19.0000     2.8610     2.7927     3.0509
   19.2500     2.9512     2.8155     3.1492
   19.5000     2.9656     2.8452     3.1576
   19.7500     2.9767     2.8861     3.1576
   20.0000     2.9767     2.8854     3.1576
   20.2500     2.9767     2.8854     3.1576
   20.5000     2.9767     2.8854     3.1576
   20.7500     2.9767     2.8854     3.1576
   21.0000     2.9767     2.8854     3.1576
   21.2500     2.9767     2.8854     3.1576
   21.5000     2.9767     2.8854     3.1576
   21.7500     2.9767     2.8854     3.1576
   22.0000     2.9767     2.8854     3.1576
   22.2500     2.9767     2.8854     3.1576
   22.5000     2.9767     2.8854     3.1576
   22.7500     2.9767     2.8854     3.1576
   23.0000     2.9767     2.8854     3.1576
   23.2500     2.9767     2.8854     3.1576
   23.5000     2.9767     2.8854     3.1576
   23.7500     2.9767     2.8854     3.1576
   24.0000     2.9767     2.8854     3.1576
   24.2500     2.9767     2.8854     3.1576
   24.5000     2.9767     2.8854     3.1576
   24.7500     2.9767     2.8854     3.1576
   25.0000     2.9767     2.8854     3.1576
   25.2500     2.9767     2.8854     3.1576
   25.5000     2.9767     2.8854     3.1576
   25.7500     2.9767     2.8854     3.1576
   26.0000     2.9767     2.8854     3.1576
   26.2500     2.9767     2.8854     3.1576
   26.5000     2.9767     2.8854     3.1576
   26.7500     2.9767     2.8854     3.1576
   27.0000     2.9767     2.8854     3.1576
   27.2500     2.9767     2.8854     3.1576
   27.5000     2.9767     2.8854     3.1576
   27.7500     2.9767     2.8854     3.1576
   28.0000     2.9767     2.8854     3.1576
   28.2500     2.9767     2.8854     3.1576
   28.5000     2.9767     2.8854     3.1576
   28.7500     2.9767     2.8854     3.1576
   29.0000     2.9767     2.8854     3.1576
   29.2500     3.0191     2.8854     3.4569
   29.5000     3.2522     2.8854     3.6125
   29.7500     3.4490     2.9032     3.6500
   30.0000     3.4543     3.3115     3.6500
   30.2500     3.4543     3.3115     3.6500
   30.5000     3.4543     3.3115     3.6500
   30.7500     3.4543     3.3115     3.6500
   31.0000     3.4543     3.3115     3.6500
   31.2500     3.4543     3.3115     3.6500
   31.5000     3.4543     3.3115     3.6500
   31.7500     3.4543     3.3115     3.6500
   32.0000     3.4543     3.3115     3.6500
   32.2500     3.4543     3.3115     3.6500
   32.5000     3.4543     3.3115     3.6500
   32.7500     3.4543     3.3115     3.6500
   33.0000     3.4543     3.3115     3.6500
   33.2500     3.4543     3.3115     3.6500
   33.5000     3.4543     3.3115     3.6500
   33.7500     3.4543     3.3115     3.6500
   34.0000     3.4543     3.3115     3.6500
   34.2500     3.4543     3.3115     3.6500
   34.5000     3.4543     3.3115     3.6500
   34.7500     3.4543     3.3115     3.6500
   35.0000     3.4543     3.3115     3.6500
   35.2500     3.4543     3.3115     3.6500
   35.5000     3.4543     3.3115     3.6500
   35.7500     3.4543     3.3115     3.6500
   36.0000     3.4543     3.3115     3.6500
   36.2500     3.4543     3.3115     3.6500
   36.5000     3.4543     3.3115     3.6500
   36.7500     3.4543     3.3115     3.6500
   37.0000     3.4543     3.3115     3.6500
   37.2500     3.4543     3.3115     3.6500
   37.5000     3.4543     3.3115     3.6500
   37.7500     3.4543     3.3115     3.6500
   38.0000     3.4543     3.3115     3.6500
   38.2500     3.4543     3.3115     3.6500
   38.5000     3.4543     3.3115     3.6500
   38.7500     3.4543     3.3115     3.6500
   39.0000     3.4543     3.3115     3.6500
   39.2500     3.4543     3.3115     3.6500
   39.5000     3.4543     3.3115     3.6500
   39.7500     3.4543     3.3115     3.6500
   40.0000     3.4543     3.3115     3.6500
   40.2500     3.4543     3.3115     3.6500
   40.5000     3.4543     3.3115     3.6500
   40.7500     3.4543     3.3115     3.6500
   41.0000     3.4543     3.3115     3.6500
   41.2500     3.4543     3.3115     3.6500
   41.5000     3.4543     3.3115     3.6500
   41.7500     3.4543     3.3115     3.6500
   42.0000     3.4543     3.3115     3.6500
   42.2500     3.4543     3.3115     3.6500
   42.5000     3.4543     3.3115     3.6500
   42.7500     3.4543     3.3115     3.6500
   43.0000     3.4543     3.3115     3.6500
   43.2500     3.4543     3.3115     3.6500
   43.5000     3.4543     3.3115     3.6500
   43.7500     3.4543     3.3115     3.6500
   44.0000     3.4543     3.3115     3.6500
   44.2500     3.4543     3.3115     3.6500
   44.5000     3.4543     3.3115     3.6500
   44.7500     3.4543     3.3115     3.6500
   45.0000     3.4543     3.3115     3.6500
   45.2500     3.4543     3.3115     3.6500
   45.5000     3.4543     3.3115     3.6500
   45.7500     3.4543     3.3115     3.6500
   46.0000     3.4543     3.3115     3.6500
   46.2500     3.4543     3.3115     3.6500
   46.5000     3.4543     3.3115     3.6500
   46.7500     3.4543     3.3115     3.6500
   47.0000     3.4543     3.3115     3.6500
   47.2500     3.4543     3.3115     3.6500
   47.5000     3.4543     3.3115     3.6500
   47.7500     3.4543     3.3115     3.6500
   48.0000     3.4543     3.3115     3.6500
   48.2500     3.4543     3.3115     3.6500
   48.5000     3.4543     3.3115     3.6500
   48.7500     3.4543     3.3115     3.6500
   49.0000     3.4543     3.3115     3.6500
   49.2500     3.4543     3.3115     3.6500
   49.5000     3.4543     3.3115     3.6500
   49.7500     3.4543     3.3115     3.6500
   50.0000     3.4543     3.3115     3.6500
   50.2500     3.4543     3.3115     3.6500
   50.5000     3.4543     3.3115     3.6500
   50.7500     3.4543     3.3115     3.6500
   51.0000     3.4543     3.3115     3.6500
   51.2500     3.4543     3.3115     3.6500
   51.5000     3.4543     3.3115     3.6500
   51.7500     3.4543     3.3115     3.6500
   52.0000     3.4543     3.3115     3.6500
   52.2500     3.4543     3.3115     3.6500
   52.5000     3.4543     3.3115     3.6500
   52.7500     3.4543     3.3115     3.6500
   53.0000     3.4543     3.3115     3.6500
   53.2500     3.4543     3.3115     3.6500
   53.5000     3.4543     3.3115     3.6500
   53.7500     3.4543     3.3115     3.6500
   54.0000     3.4543     3.3115     3.6500
   54.2500     3.4543     3.3115     3.6500
   54.5000     3.4543     3.3115     3.6500
   54.7500     3.4543     3.3115     3.6500
   55.0000     3.4543     3.3115     3.6500
   55.2500     3.4543     3.3115     3.6500
   55.5000     3.4543     3.3115     3.6500
   55.7500     3.4543     3.3115     3.6500
   56.0000     3.4543     3.3115     3.6500
   56.2500     3.4543     3.3115     3.6500
   56.5000     3.4543     3.3115     3.6500
   56.7500     3.4543     3.3115     3.6500
   57.0000     3.4543     3.3115     3.6500
   57.2500     3.4543     3.3115     3.6500
   57.5000     3.4543     3.3115     3.6500
   57.7500     3.4543     3.3115     3.6500
   58.0000     3.4543     3.3115     3.6500
   58.2500     3.4543     3.3115     3.6500
   58.5000     3.4543     3.3115     3.6500
   58.7500     3.4543     3.3115     3.6564
   59.0000     3.4815     3.3115     4.0376
   59.2500     3.5187     3.3115     4.0391
   59.5000     3.7296     3.3595     4.0697
   59.7500     4.0064     3.4343     4.1229
   60.0000     4.0349     3.4427     4.1485
