# depth_km vs_median_km_s vs_p16 vs_p84
    0.0000     1.6245     1.6231     1.6258
    0.2500     1.6245     1.6231     1.6258
    0.5000     1.6245     1.6231     1.6258
    0.7500     1.6245     1.6231     1.6258
    1.0000     1.6245     1.6231     1.6258
    1.2500     1.6245     1.6231     1.6258
    1.5000     2.9838     2.9765     2.9908
    1.7500     2.9838     2.9765     2.9908
    2.0000     2.9838     2.9765     2.9908
    2.2500     2.9838     2.9765     2.9908
    2.5000     2.9838     2.9765     2.9908
    2.7500     2.9838     2.9765     2.9908
    3.0000     2.9838     2.9765     2.9908
    3.2500     2.9838     2.9765     2.9908
    3.5000     2.9838     2.9765     2.9908
    3.7500     2.9838     2.9765     2.9908
    4.0000     2.9838     2.9765     2.9908
    4.2500     2.9838     2.9765     2.9908
    4.5000     2.9838     2.9765     2.9908
    4.7500     2.9838     2.9765     2.9908
    5.0000     2.9838     2.9765     2.9908
    5.2500     2.9838     2.9765     2.9908
    5.5000     2.5834     2.5257     2.9724
    5.7500     2.5796     2.5257     2.6051
    6.0000     2.5796     2.5257     2.6051
    6.2500     2.5796     2.5257     2.6051
    6.5000     2.5796     2.5257     2.6051
    6.7500     2.5796     2.5257     2.6051
    7.0000     2.5796     2.5257     2.6051
    7.2500     2.5796     2.5257     2.6051
    7.5000     2.5796     2.5257     2.6051
    7.7500     2.5796     2.5257     2.6051
    8.0000     2.5796     2.5257     2.6051
    8.2500     2.5796     2.5257     2.6051
    8.5000     2.5796     2.5257     2.6051
    8.7500     2.5796     2.5257     2.6051
    9.0000     2.5796     2.5257     2.6051
    9.2500     2.5796     2.5257     2.6051
    9.5000     2.5796     2.5257     2.6051
    9.7500     2.5796     2.5257     2.6051
   10.0000     2.5796     2.5257     2.6051
   10.2500     2.5796     2.5257     2.6051
   10.5000     2.5796     2.5257     2.6051
   10.7500     2.5796     2.5257     2.6051
   11.0000     2.5796     2.5257     2.6051
   11.2500     2.5835     2.5306     2.6094
   11.5000     3.1957     3.0544     3.2453
   11.7500     3.1957     3.0545     3.2453
   12.0000     3.1957     3.0545     3.2453
   12.2500     3.1957     3.0545     3.2453
   12.5000     3.1957     3.0545     3.2453
   12.7500     3.1957     3.0545     3.2453
   13.0000     3.1957     3.0545     3.2453
   13.2500     3.1957     3.0545     3.2453
   13.5000     3.1957     3.0545     3.2453
   13.7500     3.1957     3.0545     3.2453
   14.0000     3.1957     3.0545     3.2453
   14.2500     3.1957     3.0545     3.2453
   14.5000     3.1957     3.0545     3.2453
   14.7500     3.1957     3.0545     3.2453
   15.0000     3.1957     3.0545     3.2453
   15.2500     3.1957     3.0545     3.2453
   15.5000     3.1957     3.0545     3.2453
   15.7500     3.1957     3.0545     3.2453
   16.0000     3.1957     3.0545     3.2453
   16.2500     3.1957     3.0545     3.2453
   16.5000     3.1957     3.0545     3.2453
   16.7500     3.1957     3.0545     3.2453
   17.0000     3.1957     3.0545     3.2453
   17.2500     3.1957     3.0545     3.2453
   17.5000     3.1957     3.0545     3.2453
   17.7500     3.1957     3.0545     3.2453
   18.0000     3.1957     3.0545     3.2453
   18.2500     3.1957     3.0545     3.2453
   18.5000     3.1957     3.0545     3.2453
   18.7500     3.1957     3.0545     3.2453
   19.0000     3.2006     3.0545     3.2526
   19.2500     3.2291     3.0726     3.4357
   19.5000     3.2934     3.1787     3.4357
   19.7500     3.3948     3.2702     3.4363
   20.0000     3.3948     3.2702     3.4363
   20.2500     3.3948     3.2702     3.4363
   20.5000     3.3948     3.2702     3.4363
   20.7500     3.3948     3.2702     3.4363
   21.0000     3.3948     3.2702     3.4363
   21.2500     3.3948     3.2702     3.4363
   21.5000     3.3948     3.2702     3.4363
   21.7500     3.3948     3.2702     3.4363
   22.0000     3.3948     3.2702     3.4363
   22.2500     3.3948     3.2702     3.4363
   22.5000     3.3948     3.2702     3.4363
   22.7500     3.3948     3.2702     3.4363
   23.0000     3.3948     3.2702     3.4363
   23.2500     3.3948     3.2702     3.4363
   23.5000     3.3948     3.2702     3.4363
   23.7500     3.3948     3.2702     3.4363
   24.0000     3.3948     3.2702     3.4363
   24.2500     3.3948     3.2702     3.4363
   24.5000     3.3948     3.2702     3.4363
   24.7500     3.3948     3.2702     3.4363
   25.0000     3.3948     3.2702     3.4363
   25.2500     3.3948     3.2702     3.4363
   25.5000     3.3948     3.2702     3.4363
   25.7500     3.3948     3.2702     3.4363
   26.0000     3.3948     3.2702     3.4363
   26.2500     3.3948     3.2702     3.4363
   26.5000     3.3948     3.2702     3.4363
   26.7500     3.3948     3.2702     3.4363
   27.0000     3.3948     3.2702     3.4363
   27.2500     3.3948     3.2702     3.4363
   27.5000     3.3948     3.2702     3.4363
   27.7500     3.3948     3.2702     3.4363
   28.0000     3.3948     3.2702     3.4363
   28.2500     3.3948     3.2702     3.4363
   28.5000     3.3948     3.2702     3.4363
   28.7500     3.3948     3.2702     3.4363
   29.0000     3.3863     3.2686     3.4354
   29.2500     3.3413     3.2680     3.4242
   29.5000     3.3280     3.2484     3.4154
   29.7500     3.2996     3.1918     3.4392
   30.0000     3.2996     3.1847     3.4392
   30.2500     3.2996     3.1847     3.4392
   30.5000     3.2996     3.1847     3.4392
   30.7500     3.2996     3.1847     3.4392
   31.0000     3.2996     3.1847     3.4392
   31.2500     3.2996     3.1847     3.4392
   31.5000     3.2996     3.1847     3.4392
   31.7500     3.2996     3.1847     3.4392
   32.0000     3.2996     3.1847     3.4392
   32.2500     3.2996     3.1847     3.4392
   32.5000     3.2996     3.1847     3.4392
   32.7500     3.2996     3.1847     3.4392
   33.0000     3.2996     3.1847     3.4392
   33.2500     3.2996     3.1847     3.4392
   33.5000     3.2996     3.1847     3.4392
   33.7500     3.2996     3.1847     3.4392
   34.0000     3.2996     3.1847     3.4392
   34.2500     3.2996     3.1847     3.4392
   34.5000     3.2996     3.1847     3.4392
   34.7500     3.2996     3.1847     3.4392
   35.0000     3.2996     3.1847     3.4392
   35.2500     3.2996     3.1847     3.4392
   35.5000     3.2996     3.1847     3.4392
   35.7500     3.2996     3.1847     3.4392
   36.0000     3.2996     3.1847     3.4392
   36.2500     3.2996     3.1847     3.4392
   36.5000     3.2996     3.1847     3.4392
   36.7500     3.2996     3.1847     3.4392
   37.0000     3.2996     3.1847     3.4392
   37.2500     3.2996     3.1847     3.4392
   37.5000     3.2996     3.1847     3.4392
   37.7500     3.2996     3.1847     3.4392
   38.0000     3.2996     3.1847     3.4392
   38.2500     3.2996     3.1847     3.4392
   38.5000     3.2996     3.1847     3.4392
   38.7500     3.2996     3.1847     3.4392
   39.0000     3.2996     3.1847     3.4392
   39.2500     3.2996     3.1847     3.4392
   39.5000     3.2996     3.1847     3.4392
   39.7500     3.2996     3.1847     3.4392
   40.0000     3.2996     3.1847     3.4392
   40.2500     3.2996     3.1847     3.4392
   40.5000     3.2996     3.1847     3.4392
   40.7500     3.2996     3.1847     3.4392
   41.0000     3.2996     3.1847     3.4392
   41.2500     3.2996     3.1847     3.4392
   41.5000     3.2996     3.1847     3.4392
   41.7500     3.2996     3.1847     3.4392
   42.0000     3.2996     3.1847     3.4392
   42.2500     3.2996     3.1847     3.4392
   42.5000     3.2996     3.1847     3.4392
   42.7500     3.2996     3.1847     3.4392
   43.0000     3.2996     3.1847     3.4392
   43.2500     3.2996     3.1847     3.4392
   43.5000     3.2996     3.1847     3.4392
   43.7500     3.2996     3.1847     3.4392
   44.0000     3.2996     3.1847     3.4392
   44.2500     3.2996     3.1847     3.4392
   44.5000     3.2996     3.1847     3.4392
   44.7500     3.2996     3.1847     3.4392
   45.0000     3.2996     3.1847     3.4392
   45.2500     3.2996     3.1847     3.4392
   45.5000     3.2996     3.1847     3.4392
   45.7500     3.2996     3.1847     3.4392
   46.0000     3.2996     3.1847     3.4392
   46.2500     3.2996     3.1847     3.4392
   46.5000     3.2996     3.1847     3.4392
   46.7500     3.2996     3.1847     3.4392
   47.0000     3.2996     3.1847     3.4392
   47.2500     3.2996     3.1847     3.4392
   47.5000     3.2996     3.1847     3.4392
   47.7500     3.2996     3.1847     3.4392
   48.0000     3.2996     3.1847     3.4392
   48.2500     3.2996     3.1847     3.4392
   48.5000     3.2996     3.1847     3.4392
   48.7500     3.2996     3.1847     3.4392
   49.0000     3.2996     3.1847     3.4392
   49.2500     3.2996     3.1847     3.4392
   49.5000     3.2996     3.1847     3.4392
   49.7500     3.2996     3.1847     3.4392
   50.0000     3.2996     3.1847     3.4392
   50.2500     3.2996     3.1847     3.4392
   50.5000     3.2996     3.1847     3.4392
   50.7500     3.2996     3.1847     3.4392
   51.0000     3.2996     3.1847     3.4392
   51.2500     3.2996     3.1847     3.4392
   51.5000     3.2996     3.1847     3.4392
   51.7500     3.2996     3.1847     3.4392
   52.0000     3.2996     3.1847     3.4392
   52.2500     3.2996     3.1847     3.4392
   52.5000     3.2996     3.1847     3.4392
   52.7500     3.2996     3.1847     3.4392
   53.0000     3.2996     3.1847     3.4392
   53.2500     3.2996     3.1847     3.4392
   53.5000     3.2996     3.1847     3.4392
   53.7500     3.2996     3.1847     3.4392
   54.0000     3.2996     3.1847     3.4392
   54.2500     3.2996     3.1847     3.4392
   54.5000     3.2996     3.1847     3.4392
   54.7500     3.2996     3.1847     3.4392
   55.0000     3.2996     3.1847     3.4392
   55.2500     3.2996     3.1847     3.4392
   55.5000     3.2996     3.1847     3.4392
   55.7500     3.2996     3.1847     3.4392
   56.0000     3.2996     3.1847     3.4392
   56.2500     3.2996     3.1847     3.4392
   56.5000     3.2996     3.1847     3.4392
   56.7500     3.2996     3.1847     3.4392
   57.0000     3.2996     3.1847     3.4392
   57.2500     3.2996     3.1847     3.4392
   57.5000     3.2996     3.1847     3.4392
   57.7500     3.2996     3.1847     3.4392
   58.0000     3.2996     3.1847     3.4392
   58.2500     3.2996     3.1847     3.4392
   58.5000     3.2996     3.1847     3.4392
   58.7500     3.2996     3.1847     3.4541
   59.0000     3.3333     3.2337     4.0128
   59.2500     3.3658     3.2430     4.0276
   59.5000     3.9219     3.2731     4.0479
   59.7500     4.0230     3.3878     4.2012
   60.0000     4.0252     3.8893     4.2131
