# depth_km vs_median_km_s vs_p16 vs_p84
    0.0000     1.7556     1.7544     1.7581
    0.2500     1.7556     1.7544     1.7581
    0.5000     1.7556     1.7544     1.7581
    0.7500     1.7556     1.7544     1.7581
    1.0000     1.7556     1.7544     1.7581
    1.2500     1.7556     1.7544     1.7581
    1.5000     2.7658     2.7608     2.7728
    1.7500     2.7665     2.7620     2.8179
    2.0000     2.7665     2.7620     2.8179
    2.2500     2.7665     2.7620     2.8179
    2.5000     2.7665     2.7620     2.8179
    2.7500     2.7665     2.7620     2.8179
    3.0000     2.7665     2.7620     2.8179
    3.2500     2.7665     2.7620     2.8179
    3.5000     2.7665     2.7620     2.8179
    3.7500     2.7665     2.7620     2.8179
    4.0000     2.7665     2.7620     2.8179
    4.2500     2.7665     2.7620     2.8179
    4.5000     2.7665     2.7620     2.8179
    4.7500     2.7665     2.7620     2.8179
    5.0000     2.7665     2.7620     2.8179
    5.2500     2.7665     2.7620     2.8179
    5.5000     2.4641     2.3732     2.7650
    5.7500     2.4596     2.3731     2.7389
    6.0000     2.4596     2.3731     2.7389
    6.2500     2.4596     2.3731     2.7389
    6.5000     2.4596     2.3731     2.7389
    6.7500     2.4596     2.3731     2.7389
    7.0000     2.4596     2.3731     2.7389
    7.2500     2.4596     2.3731     2.7389
    7.5000     2.4596     2.3731     2.7389
    7.7500     2.4596     2.3731     2.7389
    8.0000     2.4596     2.3731     2.7389
    8.2500     2.4596     2.3731     2.7389
    8.5000     2.4596     2.3731     2.7389
    8.7500     2.4596     2.3731     2.7389
    9.0000     2.4596     2.3731     2.7389
    9.2500     2.4596     2.3731     2.7389
    9.5000     2.4596     2.3731     2.7389
    9.7500     2.4596     2.3731     2.7389
   10.0000     2.4596     2.3731     2.7389
   10.2500     2.4596     2.3731     2.7389
   10.5000     2.4596     2.3731     2.7389
   10.7500     2.4596     2.3731     2.7389
   11.0000     2.4596     2.3731     2.7389
   11.2500     2.4604     2.3735     2.7392
   11.5000     2.7897     2.7180     3.0146
   11.7500     2.7906     2.7279     3.0146
   12.0000     2.7906     2.7279     3.0146
   12.2500     2.7906     2.7279     3.0146
   12.5000     2.7906     2.7279     3.0146
   12.7500     2.7906     2.7279     3.0146
   13.0000     2.7906     2.7279     3.0146
   13.2500     2.7906     2.7279     3.0146
   13.5000     2.7906     2.7279     3.0146
   13.7500     2.7906     2.7279     3.0146
   14.0000     2.7906     2.7279     3.0146
   14.2500     2.7906     2.7279     3.0146
   14.5000     2.7906     2.7279     3.0146
   14.7500     2.7906     2.7279     3.0146
   15.0000     2.7906     2.7279     3.0146
   15.2500     2.7906     2.7279     3.0146
   15.5000     2.7906     2.7279     3.0146
   15.7500     2.7906     2.7279     3.0146
   16.0000     2.7906     2.7279     3.0146
   16.2500     2.7906     2.7279     3.0146
   16.5000     2.7906     2.7279     3.0146
   16.7500     2.7906     2.7279     3.0146
   17.0000     2.7906     2.7279     3.0146
   17.2500     2.7906     2.7279     3.0146
   17.5000     2.7906     2.7279     3.0146
   17.7500     2.7906     2.7279     3.0146
   18.0000     2.7906     2.7279     3.0146
   18.2500     2.7906     2.7279     3.0146
   18.5000     2.7906     2.7279     3.0146
   18.7500     2.7906     2.7279     3.0146
   19.0000     2.8048     2.7279     3.0538
   19.2500     2.8906     2.7285     3.2420
   19.5000     3.0260     2.8049     3.2420
   19.7500     3.0458     3.0065     3.2420
   20.0000     3.0461     3.0089     3.2420
   20.2500     3.0461     3.0089     3.2420
   20.5000     3.0461     3.0089     3.2420
   20.7500     3.0461     3.0089     3.2420
   21.0000     3.0461     3.0089     3.2420
   21.2500     3.0461     3.0089     3.2420
   21.5000     3.0461     3.0089     3.2420
   21.7500     3.0461     3.0089     3.2420
   22.0000     3.0461     3.0089     3.2420
   22.2500     3.0461     3.0089     3.2420
   22.5000     3.0461     3.0089     3.2420
   22.7500     3.0461     3.0089     3.2420
   23.0000     3.0461     3.0089     3.2420
   23.2500     3.0461     3.0089     3.2420
   23.5000     3.0461     3.0089     3.2420
   23.7500     3.0461     3.0089     3.2420
   24.0000     3.0461     3.0089     3.2420
   24.2500     3.0461     3.0089     3.2420
   24.5000     3.0461     3.0089     3.2420
   24.7500     3.0461     3.0089     3.2420
   25.0000     3.0461     3.0089     3.2420
   25.2500     3.0461     3.0089     3.2420
   25.5000     3.0461     3.0089     3.2420
   25.7500     3.0461     3.0089     3.2420
   26.0000     3.0461     3.0089     3.2420
   26.2500     3.0461     3.0089     3.2420
   26.5000     3.0461     3.0089     3.2420
   26.7500     3.0461     3.0089     3.2420
   27.0000     3.0461     3.0089     3.2420
   27.2500     3.0461     3.0089     3.2420
   27.5000     3.0461     3.0089     3.2420
   27.7500     3.0461     3.0089     3.2420
   28.0000     3.0461     3.0089     3.2420
   28.2500     3.0461     3.0089     3.2420
   28.5000     3.0461     3.0089     3.2420
   28.7500     3.0461     3.0089     3.2420
   29.0000     3.0461     3.0089     3.2447
   29.2500     3.0584     3.0113     3.9467
   29.5000     3.6505     3.0369     3.9467
   29.7500     3.7196     3.5330     3.9467
   30.0000     3.7196     3.5330     3.9467
   30.2500     3.7196     3.5330     3.9467
   30.5000     3.7196     3.5330     3.9467
   30.7500     3.7196     3.5330     3.9467
   31.0000     3.7196     3.5330     3.9467
   31.2500     3.7196     3.5330     3.9467
   31.5000     3.7196     3.5330     3.9467
   31.7500     3.7196     3.5330     3.9467
   32.0000     3.7196     3.5330     3.9467
   32.2500     3.7196     3.5330     3.9467
   32.5000     3.7196     3.5330     3.9467
   32.7500     3.7196     3.5330     3.9467
   33.0000     3.7196     3.5330     3.9467
   33.2500     3.7196     3.5330     3.9467
   33.5000     3.7196     3.5330     3.9467
   33.7500     3.7196     3.5330     3.9467
   34.0000     3.7196     3.5330     3.9467
   34.2500     3.7196     3.5330     3.9467
   34.5000     3.7196     3.5330     3.9467
   34.7500     3.7196     3.5330     3.9467
   35.0000     3.7196     3.5330     3.9467
   35.2500     3.7196     3.5330     3.9467
   35.5000     3.7196     3.5330     3.9467
   35.7500     3.7196     3.5330     3.9467
   36.0000     3.7196     3.5330     3.9467
   36.2500     3.7196     3.5330     3.9467
   36.5000     3.7196     3.5330     3.9467
   36.7500     3.7196     3.5330     3.9467
   37.0000     3.7196     3.5330     3.9467
   37.2500     3.7196     3.5330     3.9467
   37.5000     3.7196     3.5330     3.9467
   37.7500     3.7196     3.5330     3.9467
   38.0000     3.7196     3.5330     3.9467
   38.2500     3.7196     3.5330     3.9467
   38.5000     3.7196     3.5330     3.9467
   38.7500     3.7196     3.5330     3.9467
   39.0000     3.7196     3.5330     3.9467
   39.2500     3.7196     3.5330     3.9467
   39.5000     3.7196     3.5330     3.9467
   39.7500     3.7196     3.5330     3.9467
   40.0000     3.7196     3.5330     3.9467
   40.2500     3.7196     3.5330     3.9467
   40.5000     3.7196     3.5330     3.9467
   40.7500     3.7196     3.5330     3.9467
   41.0000     3.7196     3.5330     3.9467
   41.2500     3.7196     3.5330     3.9467
   41.5000     3.7196     3.5330     3.9467
   41.7500     3.7196     3.5330     3.9467
   42.0000     3.7196     3.5330     3.9467
   42.2500     3.7196     3.5330     3.9467
   42.5000     3.7196     3.5330     3.9467
   42.7500     3.7196     3.5330     3.9467
   43.0000     3.7196     3.5330     3.9467
   43.2500     3.7196     3.5330     3.9467
   43.5000     3.7196     3.5330     3.9467
   43.7500     3.7196     3.5330     3.9467
   44.0000     3.7196     3.5330     3.9467
   44.2500     3.7196     3.5330     3.9467
   44.5000     3.7196     3.5330     3.9467
   44.7500     3.7196     3.5330     3.9467
   45.0000     3.7196     3.5330     3.9467
   45.2500     3.7196     3.5330     3.9467
   45.5000     3.7196     3.5330     3.9467
   45.7500     3.7196     3.5330     3.9467
   46.0000     3.7196     3.5330     3.9467
   46.2500     3.7196     3.5330     3.9467
   46.5000     3.7196     3.5330     3.9467
   46.7500     3.7196     3.5330     3.9467
   47.0000     3.7196     3.5330     3.9467
   47.2500     3.7196     3.5330     3.9467
   47.5000     3.7196     3.5330     3.9467
   47.7500     3.7196     3.5330     3.9467
   48.0000     3.7196     3.5330     3.9467
   48.2500     3.7196     3.5330     3.9467
   48.5000     3.7196     3.5330     3.9467
   48.7500     3.7196     3.5330     3.9467
   49.0000     3.7196     3.5330     3.9467
   49.2500     3.7196     3.5330     3.9467
   49.5000     3.7196     3.5330     3.9467
   49.7500     3.7196     3.5330     3.9467
   50.0000     3.7196     3.5330     3.9467
   50.2500     3.7196     3.5330     3.9467
   50.5000     3.7196     3.5330     3.9467
   50.7500     3.7196     3.5330     3.9467
   51.0000     3.7196     3.5330     3.9467
   51.2500     3.7196     3.5330     3.9467
   51.5000     3.7196     3.5330     3.9467
   51.7500     3.7196     3.5330     3.9467
   52.0000     3.7196     3.5330     3.9467
   52.2500     3.7196     3.5330     3.9467
   52.5000     3.7196     3.5330     3.9467
   52.7500     3.7196     3.5330     3.9467
   53.0000     3.7196     3.5330     3.9467
   53.2500     3.7196     3.5330     3.9467
   53.5000     3.7196     3.5330     3.9467
   53.7500     3.7196     3.5330     3.9467
   54.0000     3.7196     3.5330     3.9467
   54.2500     3.7196     3.5330     3.9467
   54.5000     3.7196     3.5330     3.9467
   54.7500     3.7196     3.5330     3.9467
   55.0000     3.7196     3.5330     3.9467
   55.2500     3.7196     3.5330     3.9467
   55.5000     3.7196     3.5330     3.9467
   55.7500     3.7196     3.5330     3.9467
   56.0000     3.7196     3.5330     3.9467
   56.2500     3.7196     3.5330     3.9467
   56.5000     3.7196     3.5330     3.9467
   56.7500     3.7196     3.5330     3.9467
   57.0000     3.7196     3.5330     3.9467
   57.2500     3.7196     3.5330     3.9467
   57.5000     3.7196     3.5330     3.9467
   57.7500     3.7196     3.5330     3.9467
   58.0000     3.7196     3.5330     3.9467
   58.2500     3.7196     3.5330     3.9467
   58.5000     3.7498     3.5330     3.9625
   58.7500     3.8170     3.5330     4.0504
   59.0000     3.8271     3.5330     4.0900
   59.2500     3.8491     3.5812     4.1272
   59.5000     4.0256     3.6232     4.3863
   59.7500     4.1108     3.6528     4.3906
   60.0000     4.1198     3.6528     4.3906
