# depth_km vs_median_km_s vs_p16 vs_p84
    0.0000     1.7556     1.7478     1.7639
    0.2500     1.7556     1.7478     1.7639
    0.5000     1.7556     1.7478     1.7639
    0.7500     1.7556     1.7478     1.7639
    1.0000     1.7556     1.7478     1.7639
    1.2500     1.7556     1.7478     1.7639
    1.5000     1.7558     1.7479     1.7642
    1.7500     2.6579     2.5962     2.7485
    2.0000     2.6579     2.5962     2.7485
    2.2500     2.6579     2.5962     2.7485
    2.5000     2.6579     2.5962     2.7485
    2.7500     2.6579     2.5962     2.7485
    3.0000     2.6579     2.5962     2.7485
    3.2500     2.6579     2.5962     2.7485
    3.5000     2.6579     2.5962     2.7485
    3.7500     2.6579     2.5962     2.7485
    4.0000     2.6579     2.5962     2.7485
    4.2500     2.6579     2.5962     2.7485
    4.5000     2.6579     2.5962     2.7485
    4.7500     2.6579     2.5962     2.7485
    5.0000     2.6579     2.5962     2.7485
    5.2500     2.6579     2.5962     2.7485
    5.5000     2.7039     2.5962     2.9037
    5.7500     2.9072     2.7985     2.9638
    6.0000     2.9072     2.8011     2.9638
    6.2500     2.9072     2.8011     2.9638
    6.5000     2.9072     2.8011     2.9638
    6.7500     2.9072     2.8011     2.9638
    7.0000     2.9072     2.8011     2.9638
    7.2500     2.9072     2.8011     2.9638
    7.5000     2.9072     2.8011     2.9638
    7.7500     2.9072     2.8011     2.9638
    8.0000     2.9072     2.8011     2.9638
    8.2500     2.9072     2.8011     2.9638
    8.5000     2.9072     2.8011     2.9638
    8.7500     2.9072     2.8011     2.9638
    9.0000     2.9072     2.8011     2.9638
    9.2500     2.9072     2.8011     2.9638
    9.5000     2.9072     2.8011     2.9638
    9.7500     2.9072     2.8011     2.9638
   10.0000     2.9072     2.8011     2.9638
   10.2500     2.9072     2.8011     2.9638
   10.5000     2.9072     2.8011     2.9638
   10.7500     2.9072     2.8011     2.9638
   11.0000     2.9072     2.8011     2.9638
   11.2500     2.9136     2.8011     2.9728
   11.5000     3.0019     2.8011     3.1967
   11.7500     3.1359     2.8995     3.2305
   12.0000     3.1359     2.9134     3.2305
   12.2500     3.1359     2.9134     3.2305
   12.5000     3.1359     2.9134     3.2305
   12.7500     3.1359     2.9134     3.2305
   13.0000     3.1359     2.9134     3.2305
   13.2500     3.1359     2.9134     3.2305
   13.5000     3.1359     2.9134     3.2305
   13.7500     3.1359     2.9134     3.2305
   14.0000     3.1359     2.9134     3.2305
   14.2500     3.1359     2.9134     3.2305
   14.5000     3.1359     2.9134     3.2305
   14.7500     3.1359     2.9134     3.2305
   15.0000     3.1359     2.9134     3.2305
   15.2500     3.1359     2.9134     3.2305
   15.5000     3.1359     2.9134     3.2305
   15.7500     3.1359     2.9134     3.2305
   16.0000     3.1359     2.9134     3.2305
   16.2500     3.1359     2.9134     3.2305
   16.5000     3.1359     2.9134     3.2305
   16.7500     3.1359     2.9134     3.2305
   17.0000     3.1359     2.9134     3.2305
   17.2500     3.1359     2.9134     3.2305
   17.5000     3.1359     2.9134     3.2305
   17.7500     3.1359     2.9134     3.2305
   18.0000     3.1359     2.9134     3.2305
   18.2500     3.1359     2.9134     3.2305
   18.5000     3.1359     2.9134     3.2305
   18.7500     3.1359     2.9134     3.2305
   19.0000     3.1510     2.9134     3.2401
   19.2500     3.1540     2.9134     3.2706
   19.5000     3.1730     2.9134     3.3423
   19.7500     3.2438     2.9134     3.3762
   20.0000     3.2489     2.9135     3.3782
   20.2500     3.2489     3.1159     3.3782
   20.5000     3.2489     3.1159     3.3782
   20.7500     3.2489     3.1159     3.3782
   21.0000     3.2489     3.1159     3.3782
   21.2500     3.2489     3.1159     3.3782
   21.5000     3.2489     3.1159     3.3782
   21.7500     3.2489     3.1159     3.3782
   22.0000     3.2489     3.1159     3.3782
   22.2500     3.2489     3.1159     3.3782
   22.5000     3.2489     3.1159     3.3782
   22.7500     3.2489     3.1159     3.3782
   23.0000     3.2489     3.1159     3.3782
   23.2500     3.2489     3.1159     3.3782
   23.5000     3.2489     3.1159     3.3782
   23.7500     3.2489     3.1159     3.3782
   24.0000     3.2489     3.1159     3.3782
   24.2500     3.2489     3.1159     3.3782
   24.5000     3.2489     3.1159     3.3782
   24.7500     3.2489     3.1159     3.3782
   25.0000     3.2489     3.1159     3.3782
   25.2500     3.2489     3.1159     3.3782
   25.5000     3.2489     3.1159     3.3782
   25.7500     3.2489     3.1159     3.3782
   26.0000     3.2489     3.1159     3.3782
   26.2500     3.2489     3.1159     3.3782
   26.5000     3.2489     3.1159     3.3782
   26.7500     3.2489     3.1159     3.3782
   27.0000     3.2489     3.1159     3.3782
   27.2500     3.2489     3.1159     3.3782
   27.5000     3.2489     3.1159     3.3782
   27.7500     3.2489     3.1159     3.3782
   28.0000     3.2489     3.1159     3.3782
   28.2500     3.2489     3.1159     3.3782
   28.5000     3.2489     3.1159     3.3782
   28.7500     3.2489     3.1159     3.3782
   29.0000     3.2661     3.1159     3.3909
   29.2500     3.2856     3.1159     3.4850
   29.5000     3.3144     3.1159     3.5280
   29.7500     3.3674     3.1159     3.5361
   30.0000     3.3809     3.1766     3.5361
   30.2500     3.4046     3.2583     3.5361
   30.5000     3.4046     3.2583     3.5361
   30.7500     3.4046     3.2583     3.5361
   31.0000     3.4046     3.2583     3.5361
   31.2500     3.4046     3.2583     3.5361
   31.5000     3.4046     3.2583     3.5361
   31.7500     3.4046     3.2583     3.5361
   32.0000     3.4046     3.2583     3.5361
   32.2500     3.4046     3.2583     3.5361
   32.5000     3.4046     3.2583     3.5361
   32.7500     3.4046     3.2583     3.5361
   33.0000     3.4046     3.2583     3.5361
   33.2500     3.4046     3.2583     3.5361
   33.5000     3.4046     3.2583     3.5361
   33.7500     3.4046     3.2583     3.5361
   34.0000     3.4046     3.2583     3.5361
   34.2500     3.4046     3.2583     3.5361
   34.5000     3.4046     3.2583     3.5361
   34.7500     3.4046     3.2583     3.5361
   35.0000     3.4046     3.2583     3.5361
   35.2500     3.4046     3.2583     3.5361
   35.5000     3.4046     3.2583     3.5361
   35.7500     3.4046     3.2583     3.5361
   36.0000     3.4046     3.2583     3.5361
   36.2500     3.4046     3.2583     3.5361
   36.5000     3.4046     3.2583     3.5361
   36.7500     3.4046     3.2583     3.5361
   37.0000     3.4046     3.2583     3.5361
   37.2500     3.4046     3.2583     3.5361
   37.5000     3.4046     3.2583     3.5361
   37.7500     3.4046     3.2583     3.5361
   38.0000     3.4046     3.2583     3.5361
   38.2500     3.4046     3.2583     3.5361
   38.5000     3.4046     3.2583     3.5361
   38.7500     3.4046     3.2583     3.5361
   39.0000     3.4046     3.2583     3.5361
   39.2500     3.4046     3.2583     3.5361
   39.5000     3.4046     3.2583     3.5361
   39.7500     3.4046     3.2583     3.5361
   40.0000     3.4046     3.2583     3.5361
   40.2500     3.4046     3.2583     3.5361
   40.5000     3.4046     3.2583     3.5361
   40.7500     3.4046     3.2583     3.5361
   41.0000     3.4046     3.2583     3.5361
   41.2500     3.4046     3.2583     3.5361
   41.5000     3.4046     3.2583     3.5361
   41.7500     3.4046     3.2583     3.5361
   42.0000     3.4046     3.2583     3.5361
   42.2500     3.4046     3.2583     3.5361
   42.5000     3.4046     3.2583     3.5361
   42.7500     3.4046     3.2583     3.5361
   43.0000     3.4046     3.2583     3.5361
   43.2500     3.4046     3.2583     3.5361
   43.5000     3.4046     3.2583     3.5361
   43.7500     3.4046     3.2583     3.5361
   44.0000     3.4046     3.2583     3.5361
   44.2500     3.4046     3.2583     3.5361
   44.5000     3.4046     3.2583     3.5361
   44.7500     3.4046     3.2583     3.5361
   45.0000     3.4046     3.2583     3.5361
   45.2500     3.4046     3.2583     3.5361
   45.5000     3.4046     3.2583     3.5361
   45.7500     3.4046     3.2583     3.5361
   46.0000     3.4046     3.2583     3.5361
   46.2500     3.4046     3.2583     3.5361
   46.5000     3.4046     3.2583     3.5361
   46.7500     3.4046     3.2583     3.5361
   47.0000     3.4046     3.2583     3.5361
   47.2500     3.4046     3.2583     3.5361
   47.5000     3.4046     3.2583     3.5361
   47.7500     3.4046     3.2583     3.5361
   48.0000     3.4046     3.2583     3.5361
   48.2500     3.4046     3.2583     3.5361
   48.5000     3.4046     3.2583     3.5361
   48.7500     3.4046     3.2583     3.5361
   49.0000     3.4046     3.2583     3.5361
   49.2500     3.4046     3.2583     3.5361
   49.5000     3.4046     3.2583     3.5361
   49.7500     3.4046     3.2583     3.5361
   50.0000     3.4046     3.2583     3.5361
   50.2500     3.4046     3.2583     3.5361
   50.5000     3.4046     3.2583     3.5361
   50.7500     3.4046     3.2583     3.5361
   51.0000     3.4046     3.2583     3.5361
   51.2500     3.4046     3.2583     3.5361
   51.5000     3.4046     3.2583     3.5361
   51.7500     3.4046     3.2583     3.5361
   52.0000     3.4046     3.2583     3.5361
   52.2500     3.4046     3.2583     3.5361
   52.5000     3.4046     3.2583     3.5361
   52.7500     3.4046     3.2583     3.5361
   53.0000     3.4046     3.2583     3.5361
   53.2500     3.4046     3.2583     3.5361
   53.5000     3.4046     3.2583     3.5361
   53.7500     3.4046     3.2583     3.5361
   54.0000     3.4046     3.2583     3.5361
   54.2500     3.4046     3.2583     3.5361
   54.5000     3.4046     3.2583     3.5361
   54.7500     3.4046     3.2583     3.5361
   55.0000     3.4046     3.2583     3.5361
   55.2500     3.4046     3.2583     3.5361
   55.5000     3.4046     3.2583     3.5361
   55.7500     3.4046     3.2583     3.5361
   56.0000     3.4046     3.2583     3.5361
   56.2500     3.4046     3.2583     3.5361
   56.5000     3.4046     3.2583     3.5361
   56.7500     3.4046     3.2583     3.5361
   57.0000     3.4046     3.2583     3.5361
   57.2500     3.4046     3.2583     3.5361
   57.5000     3.4046     3.2583     3.5361
   57.7500     3.4046     3.2583     3.5361
   58.0000     3.4177     3.2598     3.5396
   58.2500     3.4328     3.2598     3.5575
   58.5000     3.4747     3.2598     3.5700
   58.7500     3.4878     3.2598     3.5872
   59.0000     3.5160     3.2598     3.7114
   59.2500     3.5184     3.2598     3.7690
   59.5000     3.5264     3.2783     3.8326
   59.7500     3.5796     3.3745     3.8491
   60.0000     3.6620     3.4763     3.9031
