# depth_km vs_median_km_s vs_p16 vs_p84
    0.0000     1.8338     1.8303     1.8361
    0.2500     1.8338     1.8303     1.8361
    0.5000     1.8338     1.8303     1.8361
    0.7500     1.8338     1.8303     1.8361
    1.0000     1.8338     1.8303     1.8361
    1.2500     1.8338     1.8303     1.8361
    1.5000     1.8338     1.8303     1.8361
    1.7500     1.8338     1.8303     1.8361
    2.0000     2.6061     2.5639     2.6567
    2.2500     2.6064     2.5641     2.6573
    2.5000     2.6064     2.5641     2.6573
    2.7500     2.6064     2.5641     2.6573
    3.0000     2.6064     2.5641     2.6573
    3.2500     2.6064     2.5641     2.6573
    3.5000     2.6064     2.5641     2.6573
    3.7500     2.6064     2.5641     2.6573
    4.0000     2.6064     2.5641     2.6573
    4.2500     2.6064     2.5641     2.6573
    4.5000     2.6064     2.5641     2.6573
    4.7500     2.6064     2.5641     2.6573
    5.0000     2.6064     2.5641     2.6573
    5.2500     2.6064     2.5641     2.6573
    5.5000     2.6064     2.5641     2.6573
    5.7500     2.6064     2.5641     2.6573
    6.0000     2.4430     2.2020     2.6203
    6.2500     2.2677     2.2020     2.4542
    6.5000     2.2677     2.2020     2.4542
    6.7500     2.2677     2.2020     2.4542
    7.0000     2.2677     2.2020     2.4542
    7.2500     2.2677     2.2020     2.4542
    7.5000     2.2677     2.2020     2.4542
    7.7500     2.2677     2.2020     2.4542
    8.0000     2.2677     2.2020     2.4542
    8.2500     2.2677     2.2020     2.4542
    8.5000     2.2677     2.2020     2.4542
    8.7500     2.2677     2.2020     2.4542
    9.0000     2.2677     2.2020     2.4542
    9.2500     2.2677     2.2020     2.4542
    9.5000     2.2677     2.2020     2.4542
    9.7500     2.2677     2.2020     2.4542
   10.0000     2.2677     2.2020     2.4542
   10.2500     2.2677     2.2020     2.4542
   10.5000     2.2677     2.2020     2.4542
   10.7500     2.2677     2.2020     2.4542
   11.0000     2.2677     2.2020     2.4542
   11.2500     2.2677     2.2020     2.4542
   11.5000     2.2677     2.2020     2.4542
   11.7500     2.2677     2.2020     3.0831
   12.0000     2.9752     2.2956     3.0869
   12.2500     2.9752     2.8451     3.0869
   12.5000     2.9752     2.8451     3.0869
   12.7500     2.9752     2.8451     3.0869
   13.0000     2.9752     2.8451     3.0869
   13.2500     2.9752     2.8451     3.0869
   13.5000     2.9752     2.8451     3.0869
   13.7500     2.9752     2.8451     3.0869
   14.0000     2.9752     2.8451     3.0869
   14.2500     2.9752     2.8451     3.0869
   14.5000     2.9752     2.8451     3.0869
   14.7500     2.9752     2.8451     3.0869
   15.0000     2.9752     2.8451     3.0869
   15.2500     2.9752     2.8451     3.0869
   15.5000     2.9752     2.8451     3.0869
   15.7500     2.9752     2.8451     3.0869
   16.0000     2.9752     2.8451     3.0869
   16.2500     2.9752     2.8451     3.0869
   16.5000     2.9752     2.8451     3.0869
   16.7500     2.9752     2.8451     3.0869
   17.0000     2.9752     2.8451     3.0869
   17.2500     2.9752     2.8451     3.0869
   17.5000     2.9752     2.8451     3.0869
   17.7500     2.9752     2.8451     3.0869
   18.0000     2.9752     2.8451     3.0869
   18.2500     2.9752     2.8451     3.0869
   18.5000     2.9752     2.8451     3.0869
   18.7500     2.9752     2.8451     3.0869
   19.0000     2.9752     2.8451     3.0869
   19.2500     2.9752     2.8451     3.0869
   19.5000     2.9752     2.8451     3.0873
   19.7500     2.9912     2.8451     3.3828
   20.0000     2.9912     2.8451     3.3865
   20.2500     3.1805     2.8513     3.3865
   20.5000     3.1820     2.8795     3.3865
   20.7500     3.1820     2.8795     3.3865
   21.0000     3.1820     2.8795     3.3865
   21.2500     3.1820     2.8795     3.3865
   21.5000     3.1820     2.8795     3.3865
   21.7500     3.1820     2.8795     3.3865
   22.0000     3.1820     2.8795     3.3865
   22.2500     3.1820     2.8795     3.3865
   22.5000     3.1820     2.8795     3.3865
   22.7500     3.1820     2.8795     3.3865
   23.0000     3.1820     2.8795     3.3865
   23.2500     3.1820     2.8795     3.3865
   23.5000     3.1820     2.8795     3.3865
   23.7500     3.1820     2.8795     3.3865
   24.0000     3.1820     2.8795     3.3865
   24.2500     3.1820     2.8795     3.3865
   24.5000     3.1820     2.8795     3.3865
   24.7500     3.1820     2.8795     3.3865
   25.0000     3.1820     2.8795     3.3865
   25.2500     3.1820     2.8795     3.3865
   25.5000     3.1820     2.8795     3.3865
   25.7500     3.1820     2.8795     3.3865
   26.0000     3.1820     2.8795     3.3865
   26.2500     3.1820     2.8795     3.3865
   26.5000     3.1820     2.8795     3.3865
   26.7500     3.1820     2.8795     3.3865
   27.0000     3.1820     2.8795     3.3865
   27.2500     3.1820     2.8795     3.3865
   27.5000     3.1820     2.8795     3.3865
   27.7500     3.1820     2.8795     3.3865
   28.0000     3.1820     2.8795     3.3865
   28.2500     3.1820     2.8795     3.3865
   28.5000     3.1820     2.8795     3.3865
   28.7500     3.1820     2.8795     3.3865
   29.0000     3.1820     2.8795     3.3865
   29.2500     3.1820     2.8795     3.3865
   29.5000     3.1820     2.8795     3.3988
   29.7500     3.1820     2.8795     3.7404
   30.0000     3.4345     2.8795     3.7404
   30.2500     3.4724     3.1196     3.7404
   30.5000     3.4861     3.4077     3.7404
   30.7500     3.4861     3.4077     3.7404
   31.0000     3.4861     3.4077     3.7404
   31.2500     3.4861     3.4077     3.7404
   31.5000     3.4861     3.4077     3.7404
   31.7500     3.4861     3.4077     3.7404
   32.0000     3.4861     3.4077     3.7404
   32.2500     3.4861     3.4077     3.7404
   32.5000     3.4861     3.4077     3.7404
   32.7500     3.4861     3.4077     3.7404
   33.0000     3.4861     3.4077     3.7404
   33.2500     3.4861     3.4077     3.7404
   33.5000     3.4861     3.4077     3.7404
   33.7500     3.4861     3.4077     3.7404
   34.0000     3.4861     3.4077     3.7404
   34.2500     3.4861     3.4077     3.7404
   34.5000     3.4861     3.4077     3.7404
   34.7500     3.4861     3.4077     3.7404
   35.0000     3.4861     3.4077     3.7404
   35.2500     3.4861     3.4077     3.7404
   35.5000     3.4861     3.4077     3.7404
   35.7500     3.4861     3.4077     3.7404
   36.0000     3.4861     3.4077     3.7404
   36.2500     3.4861     3.4077     3.7404
   36.5000     3.4861     3.4077     3.7404
   36.7500     3.4861     3.4077     3.7404
   37.0000     3.4861     3.4077     3.7404
   37.2500     3.4861     3.4077     3.7404
   37.5000     3.4861     3.4077     3.7404
   37.7500     3.4861     3.4077     3.7404
   38.0000     3.4861     3.4077     3.7404
   38.2500     3.4861     3.4077     3.7404
   38.5000     3.4861     3.4077     3.7404
   38.7500     3.4861     3.4077     3.7404
   39.0000     3.4861     3.4077     3.7404
   39.2500     3.4861     3.4077     3.7404
   39.5000     3.4861     3.4077     3.7404
   39.7500     3.4861     3.4077     3.7404
   40.0000     3.4861     3.4077     3.7404
   40.2500     3.4861     3.4077     3.7404
   40.5000     3.4861     3.4077     3.7404
   40.7500     3.4861     3.4077     3.7404
   41.0000     3.4861     3.4077     3.7404
   41.2500     3.4861     3.4077     3.7404
   41.5000     3.4861     3.4077     3.7404
   41.7500     3.4861     3.4077     3.7404
   42.0000     3.4861     3.4077     3.7404
   42.2500     3.4861     3.4077     3.7404
   42.5000     3.4861     3.4077     3.7404
   42.7500     3.4861     3.4077     3.7404
   43.0000     3.4861     3.4077     3.7404
   43.2500     3.4861     3.4077     3.7404
   43.5000     3.4861     3.4077     3.7404
   43.7500     3.4861     3.4077     3.7404
   44.0000     3.4861     3.4077     3.7404
   44.2500     3.4861     3.4077     3.7404
   44.5000     3.4861     3.4077     3.7404
   44.7500     3.4861     3.4077     3.7404
   45.0000     3.4861     3.4077     3.7404
   45.2500     3.4861     3.4077     3.7404
   45.5000     3.4861     3.4077     3.7404
   45.7500     3.4861     3.4077     3.7404
   46.0000     3.4861     3.4077     3.7404
   46.2500     3.4861     3.4077     3.7404
   46.5000     3.4861     3.4077     3.7404
   46.7500     3.4861     3.4077     3.7404
   47.0000     3.4861     3.4077     3.7404
   47.2500     3.4861     3.4077     3.7404
   47.5000     3.4861     3.4077     3.7404
   47.7500     3.4861     3.4077     3.7404
   48.0000     3.4861     3.4077     3.7404
   48.2500     3.4861     3.4077     3.7404
   48.5000     3.4861     3.4077     3.7404
   48.7500     3.4861     3.4077     3.7404
   49.0000     3.4861     3.4077     3.7404
   49.2500     3.4861     3.4077     3.7404
   49.5000     3.4861     3.4077     3.7404
   49.7500     3.4861     3.4077     3.7404
   50.0000     3.4861     3.4077     3.7404
   50.2500     3.4861     3.4077     3.7404
   50.5000     3.4861     3.4077     3.7404
   50.7500     3.4861     3.4077     3.7404
   51.0000     3.4861     3.4077     3.7404
   51.2500     3.4861     3.4077     3.7404
   51.5000     3.4861     3.4077     3.7404
   51.7500     3.4861     3.4077     3.7404
   52.0000     3.4861     3.4077     3.7404
   52.2500     3.4861     3.4077     3.7404
   52.5000     3.4861     3.4077     3.7404
   52.7500     3.4861     3.4077     3.7404
   53.0000     3.4861     3.4077     3.7404
   53.2500     3.4861     3.4077     3.7404
   53.5000     3.4861     3.4077     3.7404
   53.7500     3.4861     3.4077     3.7404
   54.0000     3.4861     3.4077     3.7404
   54.2500     3.4861     3.4077     3.7404
   54.5000     3.4861     3.4077     3.7404
   54.7500     3.4861     3.4077     3.7404
   55.0000     3.4861     3.4077     3.7404
   55.2500     3.4861     3.4077     3.7404
   55.5000     3.4861     3.4077     3.7404
   55.7500     3.4861     3.4077     3.7404
   56.0000     3.4861     3.4077     3.7404
   56.2500     3.4861     3.4077     3.7404
   56.5000     3.4861     3.4077     3.7404
   56.7500     3.4861     3.4077     3.7404
   57.0000     3.4861     3.4077     3.7404
   57.2500     3.4861     3.4077     3.7404
   57.5000     3.4861     3.4077     3.7404
   57.7500     3.4861     3.4077     3.7404
   58.0000     3.4861     3.4077     3.7404
   58.2500     3.4861     3.4077     3.7404
   58.5000     3.4861     3.4077     3.7404
   58.7500     3.4861     3.4077     3.7404
   59.0000     3.4945     3.4092     3.7959
   59.2500     3.5140     3.4388     3.9203
   59.5000     3.5153     3.4388     3.9308
   59.7500     3.5458     3.4388     3.9805
   60.0000     3.8337     3.4405     4.0651
