# depth_km vs_median_km_s vs_p16 vs_p84
    0.0000     1.7724     1.7718     1.7729
    0.2500     1.7724     1.7718     1.7729
    0.5000     1.7724     1.7718     1.7729
    0.7500     1.7724     1.7718     1.7729
    1.0000     1.7724     1.7718     1.7729
    1.2500     1.7724     1.7718     1.7729
    1.5000     2.7676     2.7651     2.7701
    1.7500     2.7676     2.7651     2.7701
    2.0000     2.7676     2.7651     2.7701
    2.2500     2.7676     2.7651     2.7701
    2.5000     2.7676     2.7651     2.7701
    2.7500     2.7676     2.7651     2.7701
    3.0000     2.7676     2.7651     2.7701
    3.2500     2.7676     2.7651     2.7701
    3.5000     2.7676     2.7651     2.7701
    3.7500     2.7676     2.7651     2.7701
    4.0000     2.7676     2.7651     2.7701
    4.2500     2.7676     2.7651     2.7701
    4.5000     2.7676     2.7651     2.7701
    4.7500     2.7676     2.7651     2.7701
    5.0000     2.7676     2.7651     2.7701
    5.2500     2.7681     2.7654     2.7728
    5.5000     2.8626     2.7651     2.9162
    5.7500     2.8626     2.7608     2.9162
    6.0000     2.8626     2.7608     2.9162
    6.2500     2.8626     2.7608     2.9162
    6.5000     2.8626     2.7608     2.9162
    6.7500     2.8626     2.7608     2.9162
    7.0000     2.8626     2.7608     2.9162
    7.2500     2.8626     2.7608     2.9162
    7.5000     2.8626     2.7608     2.9162
    7.7500     2.8626     2.7608     2.9162
    8.0000     2.8626     2.7608     2.9162
    8.2500     2.8626     2.7608     2.9162
    8.5000     2.8626     2.7608     2.9162
    8.7500     2.8626     2.7608     2.9162
    9.0000     2.8626     2.7608     2.9162
    9.2500     2.8626     2.7608     2.9162
    9.5000     2.8626     2.7608     2.9162
    9.7500     2.8626     2.7608     2.9162
   10.0000     2.8626     2.7608     2.9162
   10.2500     2.8626     2.7608     2.9162
   10.5000     2.8626     2.7608     2.9162
   10.7500     2.8626     2.7608     2.9162
   11.0000     2.8626     2.7608     2.9162
   11.2500     2.8626     2.7608     2.9184
   11.5000     3.0087     2.7847     3.0557
   11.7500     3.0196     2.9362     3.0557
   12.0000     3.0196     2.9362     3.0557
   12.2500     3.0196     2.9362     3.0557
   12.5000     3.0196     2.9362     3.0557
   12.7500     3.0196     2.9362     3.0557
   13.0000     3.0196     2.9362     3.0557
   13.2500     3.0196     2.9362     3.0557
   13.5000     3.0196     2.9362     3.0557
   13.7500     3.0196     2.9362     3.0557
   14.0000     3.0196     2.9362     3.0557
   14.2500     3.0196     2.9362     3.0557
   14.5000     3.0196     2.9362     3.0557
   14.7500     3.0196     2.9362     3.0557
   15.0000     3.0196     2.9362     3.0557
   15.2500     3.0196     2.9362     3.0557
   15.5000     3.0196     2.9362     3.0557
   15.7500     3.0196     2.9362     3.0557
   16.0000     3.0196     2.9362     3.0557
   16.2500     3.0196     2.9362     3.0557
   16.5000     3.0196     2.9362     3.0557
   16.7500     3.0196     2.9362     3.0557
   17.0000     3.0196     2.9362     3.0557
   17.2500     3.0196     2.9362     3.0557
   17.5000     3.0196     2.9362     3.0557
   17.7500     3.0196     2.9362     3.0557
   18.0000     3.0196     2.9362     3.0557
   18.2500     3.0196     2.9362     3.0557
   18.5000     3.0196     2.9362     3.0557
   18.7500     3.0196     2.9362     3.0557
   19.0000     3.0196     2.9362     3.0557
   19.2500     3.0288     2.9416     3.1919
   19.5000     3.0297     2.9428     3.1919
   19.7500     3.0711     2.9591     3.1919
   20.0000     3.0918     2.9663     3.1919
   20.2500     3.0918     2.9663     3.1919
   20.5000     3.0918     2.9663     3.1919
   20.7500     3.0918     2.9663     3.1919
   21.0000     3.0918     2.9663     3.1919
   21.2500     3.0918     2.9663     3.1919
   21.5000     3.0918     2.9663     3.1919
   21.7500     3.0918     2.9663     3.1919
   22.0000     3.0918     2.9663     3.1919
   22.2500     3.0918     2.9663     3.1919
   22.5000     3.0918     2.9663     3.1919
   22.7500     3.0918     2.9663     3.1919
   23.0000     3.0918     2.9663     3.1919
   23.2500     3.0918     2.9663     3.1919
   23.5000     3.0918     2.9663     3.1919
   23.7500     3.0918     2.9663     3.1919
   24.0000     3.0918     2.9663     3.1919
   24.2500     3.0918     2.9663     3.1919
   24.5000     3.0918     2.9663     3.1919
   24.7500     3.0918     2.9663     3.1919
   25.0000     3.0918     2.9663     3.1919
   25.2500     3.0918     2.9663     3.1919
   25.5000     3.0918     2.9663     3.1919
   25.7500     3.0918     2.9663     3.1919
   26.0000     3.0918     2.9663     3.1919
   26.2500     3.0918     2.9663     3.1919
   26.5000     3.0918     2.9663     3.1919
   26.7500     3.0918     2.9663     3.1919
   27.0000     3.0918     2.9663     3.1919
   27.2500     3.0918     2.9663     3.1919
   27.5000     3.0918     2.9663     3.1919
   27.7500     3.0918     2.9663     3.1919
   28.0000     3.0918     2.9663     3.1919
   28.2500     3.0918     2.9663     3.1919
   28.5000     3.0918     2.9663     3.1919
   28.7500     3.0918     2.9663     3.1919
   29.0000     3.0918     2.9663     3.1919
   29.2500     3.0918     2.9663     3.1919
   29.5000     3.1162     2.9663     3.3613
   29.7500     3.1583     3.0509     3.3897
   30.0000     3.2236     3.0681     3.4120
   30.2500     3.2347     3.1350     3.4120
   30.5000     3.2347     3.1350     3.4120
   30.7500     3.2347     3.1350     3.4120
   31.0000     3.2347     3.1350     3.4120
   31.2500     3.2347     3.1350     3.4120
   31.5000     3.2347     3.1350     3.4120
   31.7500     3.2347     3.1350     3.4120
   32.0000     3.2347     3.1350     3.4120
   32.2500     3.2347     3.1350     3.4120
   32.5000     3.2347     3.1350     3.4120
   32.7500     3.2347     3.1350     3.4120
   33.0000     3.2347     3.1350     3.4120
   33.2500     3.2347     3.1350     3.4120
   33.5000     3.2347     3.1350     3.4120
   33.7500     3.2347     3.1350     3.4120
   34.0000     3.2347     3.1350     3.4120
   34.2500     3.2347     3.1350     3.4120
   34.5000     3.2347     3.1350     3.4120
   34.7500     3.2347     3.1350     3.4120
   35.0000     3.2347     3.1350     3.4120
   35.2500     3.2347     3.1350     3.4120
   35.5000     3.2347     3.1350     3.4120
   35.7500     3.2347     3.1350     3.4120
   36.0000     3.2347     3.1350     3.4120
   36.2500     3.2347     3.1350     3.4120
   36.5000     3.2347     3.1350     3.4120
   36.7500     3.2347     3.1350     3.4120
   37.0000     3.2347     3.1350     3.4120
   37.2500     3.2347     3.1350     3.4120
   37.5000     3.2347     3.1350     3.4120
   37.7500     3.2347     3.1350     3.4120
   38.0000     3.2347     3.1350     3.4120
   38.2500     3.2347     3.1350     3.4120
   38.5000     3.2347     3.1350     3.4120
   38.7500     3.2347     3.1350     3.4120
   39.0000     3.2347     3.1350     3.4120
   39.2500     3.2347     3.1350     3.4120
   39.5000     3.2347     3.1350     3.4120
   39.7500     3.2347     3.1350     3.4120
   40.0000     3.2347     3.1350     3.4120
   40.2500     3.2347     3.1350     3.4120
   40.5000     3.2347     3.1350     3.4120
   40.7500     3.2347     3.1350     3.4120
   41.0000     3.2347     3.1350     3.4120
   41.2500     3.2347     3.1350     3.4120
   41.5000     3.2347     3.1350     3.4120
   41.7500     3.2347     3.1350     3.4120
   42.0000     3.2347     3.1350     3.4120
   42.2500     3.2347     3.1350     3.4120
   42.5000     3.2347     3.1350     3.4120
   42.7500     3.2347     3.1350     3.4120
   43.0000     3.2347     3.1350     3.4120
   43.2500     3.2347     3.1350     3.4120
   43.5000     3.2347     3.1350     3.4120
   43.7500     3.2347     3.1350     3.4120
   44.0000     3.2347     3.1350     3.4120
   44.2500     3.2347     3.1350     3.4120
   44.5000     3.2347     3.1350     3.4120
   44.7500     3.2347     3.1350     3.4120
   45.0000     3.2347     3.1350     3.4120
   45.2500     3.2347     3.1350     3.4120
   45.5000     3.2347     3.1350     3.4120
   45.7500     3.2347     3.1350     3.4120
   46.0000     3.2347     3.1350     3.4120
   46.2500     3.2347     3.1350     3.4120
   46.5000     3.2347     3.1350     3.4120
   46.7500     3.2347     3.1350     3.4120
   47.0000     3.2347     3.1350     3.4120
   47.2500     3.2347     3.1350     3.4120
   47.5000     3.2347     3.1350     3.4120
   47.7500     3.2347     3.1350     3.4120
   48.0000     3.2347     3.1350     3.4120
   48.2500     3.2347     3.1350     3.4120
   48.5000     3.2347     3.1350     3.4120
   48.7500     3.2347     3.1350     3.4120
   49.0000     3.2347     3.1350     3.4120
   49.2500     3.2347     3.1350     3.4120
   49.5000     3.2347     3.1350     3.4120
   49.7500     3.2347     3.1350     3.4120
   50.0000     3.2347     3.1350     3.4120
   50.2500     3.2347     3.1350     3.4120
   50.5000     3.2347     3.1350     3.4120
   50.7500     3.2347     3.1350     3.4120
   51.0000     3.2347     3.1350     3.4120
   51.2500     3.2347     3.1350     3.4120
   51.5000     3.2347     3.1350     3.4120
   51.7500     3.2347     3.1350     3.4120
   52.0000     3.2347     3.1350     3.4120
   52.2500     3.2347     3.1350     3.4120
   52.5000     3.2347     3.1350     3.4120
   52.7500     3.2347     3.1350     3.4120
   53.0000     3.2347     3.1350     3.4120
   53.2500     3.2347     3.1350     3.4120
   53.5000     3.2347     3.1350     3.4120
   53.7500     3.2347     3.1350     3.4120
   54.0000     3.2347     3.1350     3.4120
   54.2500     3.2347     3.1350     3.4120
   54.5000     3.2347     3.1350     3.4120
   54.7500     3.2347     3.1350     3.4120
   55.0000     3.2347     3.1350     3.4120
   55.2500     3.2347     3.1350     3.4120
   55.5000     3.2347     3.1350     3.4120
   55.7500     3.2347     3.1350     3.4120
   56.0000     3.2347     3.1350     3.4120
   56.2500     3.2347     3.1350     3.4120
   56.5000     3.2347     3.1350     3.4120
   56.7500     3.2347     3.1350     3.4120
   57.0000     3.2347     3.1350     3.4120
   57.2500     3.2347     3.1350     3.4120
   57.5000     3.2347     3.1350     3.4120
   57.7500     3.2347     3.1350     3.4120
   58.0000     3.2347     3.1350     3.4120
   58.2500     3.2347     3.1350     3.4120
   58.5000     3.2347     3.1350     3.4191
   58.7500     3.2477     3.1350     3.5482
   59.0000     3.3219     3.1350     3.5761
   59.2500     3.3955     3.1373     3.6626
   59.5000     3.4105     3.1383     3.7493
   59.7500     3.4811     3.2041     3.7913
   60.0000     3.5192     3.3330     3.7913
