# depth_km vs_median_km_s vs_p16 vs_p84
    0.0000     1.9421     1.9398     1.9445
    0.2500     1.9421     1.9398     1.9445
    0.5000     1.9421     1.9398     1.9445
    0.7500     1.9421     1.9398     1.9445
    1.0000     1.9421     1.9398     1.9445
    1.2500     1.9421     1.9398     1.9445
    1.5000     1.9421     1.9398     1.9445
    1.7500     1.9421     1.9398     1.9445
    2.0000     1.9832     1.9739     1.9945
    2.2500     1.9832     1.9739     1.9945
    2.5000     1.9832     1.9739     1.9945
    2.7500     1.9832     1.9739     1.9945
    3.0000     1.9832     1.9739     1.9945
    3.2500     1.9832     1.9739     1.9945
    3.5000     1.9832     1.9739     1.9945
    3.7500     1.9832     1.9739     1.9945
    4.0000     1.9832     1.9739     1.9945
    4.2500     1.9832     1.9739     1.9945
    4.5000     1.9832     1.9739     1.9945
    4.7500     1.9832     1.9739     1.9945
    5.0000     1.9832     1.9739     1.9945
    5.2500     1.9832     1.9739     1.9945
    5.5000     1.9832     1.9739     1.9945
    5.7500     1.9833     1.9741     1.9947
    6.0000     2.3992     2.3781     2.4526
    6.2500     2.3992     2.3781     2.4526
    6.5000     2.3992     2.3781     2.4526
    6.7500     2.3992     2.3781     2.4526
    7.0000     2.3992     2.3781     2.4526
    7.2500     2.3992     2.3781     2.4526
    7.5000     2.3992     2.3781     2.4526
    7.7500     2.3992     2.3781     2.4526
    8.0000     2.3992     2.3781     2.4526
    8.2500     2.3992     2.3781     2.4526
    8.5000     2.3992     2.3781     2.4526
    8.7500     2.3992     2.3781     2.4526
    9.0000     2.3992     2.3781     2.4526
    9.2500     2.3992     2.3781     2.4526
    9.5000     2.3992     2.3781     2.4526
    9.7500     2.3992     2.3781     2.4526
   10.0000     2.3992     2.3781     2.4526
   10.2500     2.3992     2.3781     2.4526
   10.5000     2.3992     2.3781     2.4526
   10.7500     2.3992     2.3781     2.4526
   11.0000     2.3992     2.3781     2.4526
   11.2500     2.3992     2.3781     2.4526
   11.5000     2.4070     2.3835     2.4753
   11.7500     2.7849     2.4017     2.9508
   12.0000     2.8051     2.7424     2.9508
   12.2500     2.8051     2.7424     2.9508
   12.5000     2.8051     2.7424     2.9508
   12.7500     2.8051     2.7424     2.9508
   13.0000     2.8051     2.7424     2.9508
   13.2500     2.8051     2.7424     2.9508
   13.5000     2.8051     2.7424     2.9508
   13.7500     2.8051     2.7424     2.9508
   14.0000     2.8051     2.7424     2.9508
   14.2500     2.8051     2.7424     2.9508
   14.5000     2.8051     2.7424     2.9508
   14.7500     2.8051     2.7424     2.9508
   15.0000     2.8051     2.7424     2.9508
   15.2500     2.8051     2.7424     2.9508
   15.5000     2.8051     2.7424     2.9508
   15.7500     2.8051     2.7424     2.9508
   16.0000     2.8051     2.7424     2.9508
   16.2500     2.8051     2.7424     2.9508
   16.5000     2.8051     2.7424     2.9508
   16.7500     2.8051     2.7424     2.9508
   17.0000     2.8051     2.7424     2.9508
   17.2500     2.8051     2.7424     2.9508
   17.5000     2.8051     2.7424     2.9508
   17.7500     2.8051     2.7424     2.9508
   18.0000     2.8051     2.7424     2.9508
   18.2500     2.8051     2.7424     2.9508
   18.5000     2.8051     2.7424     2.9508
   18.7500     2.8051     2.7424     2.9508
   19.0000     2.8051     2.7424     2.9508
   19.2500     2.8053     2.7424     2.9728
   19.5000     2.8098     2.7501     3.0318
   19.7500     3.0982     2.9996     3.2440
   20.0000     3.1243     3.0437     3.2526
   20.2500     3.1243     3.0437     3.2526
   20.5000     3.1243     3.0437     3.2526
   20.7500     3.1243     3.0437     3.2526
   21.0000     3.1243     3.0437     3.2526
   21.2500     3.1243     3.0437     3.2526
   21.5000     3.1243     3.0437     3.2526
   21.7500     3.1243     3.0437     3.2526
   22.0000     3.1243     3.0437     3.2526
   22.2500     3.1243     3.0437     3.2526
   22.5000     3.1243     3.0437     3.2526
   22.7500     3.1243     3.0437     3.2526
   23.0000     3.1243     3.0437     3.2526
   23.2500     3.1243     3.0437     3.2526
   23.5000     3.1243     3.0437     3.2526
   23.7500     3.1243     3.0437     3.2526
   24.0000     3.1243     3.0437     3.2526
   24.2500     3.1243     3.0437     3.2526
   24.5000     3.1243     3.0437     3.2526
   24.7500     3.1243     3.0437     3.2526
   25.0000     3.1243     3.0437     3.2526
   25.2500     3.1243     3.0437     3.2526
   25.5000     3.1243     3.0437     3.2526
   25.7500     3.1243     3.0437     3.2526
   26.0000     3.1243     3.0437     3.2526
   26.2500     3.1243     3.0437     3.2526
   26.5000     3.1243     3.0437     3.2526
   26.7500     3.1243     3.0437     3.2526
   27.0000     3.1243     3.0437     3.2526
   27.2500     3.1243     3.0437     3.2526
   27.5000     3.1243     3.0437     3.2526
   27.7500     3.1243     3.0437     3.2526
   28.0000     3.1243     3.0437     3.2526
   28.2500     3.1243     3.0437     3.2526
   28.5000     3.1243     3.0437     3.2526
   28.7500     3.1243     3.0437     3.2526
   29.0000     3.1243     3.0437     3.2526
   29.2500     3.1332     3.0506     3.2742
   29.5000     3.2111     3.0529     3.4734
   29.7500     3.2826     3.1331     3.4995
   30.0000     3.3028     3.1995     3.4995
   30.2500     3.3028     3.1995     3.4995
   30.5000     3.3028     3.1995     3.4995
   30.7500     3.3028     3.1995     3.4995
   31.0000     3.3028     3.1995     3.4995
   31.2500     3.3028     3.1995     3.4995
   31.5000     3.3028     3.1995     3.4995
   31.7500     3.3028     3.1995     3.4995
   32.0000     3.3028     3.1995     3.4995
   32.2500     3.3028     3.1995     3.4995
   32.5000     3.3028     3.1995     3.4995
   32.7500     3.3028     3.1995     3.4995
   33.0000     3.3028     3.1995     3.4995
   33.2500     3.3028     3.1995     3.4995
   33.5000     3.3028     3.1995     3.4995
   33.7500     3.3028     3.1995     3.4995
   34.0000     3.3028     3.1995     3.4995
   34.2500     3.3028     3.1995     3.4995
   34.5000     3.3028     3.1995     3.4995
   34.7500     3.3028     3.1995     3.4995
   35.0000     3.3028     3.1995     3.4995
   35.2500     3.3028     3.1995     3.4995
   35.5000     3.3028     3.1995     3.4995
   35.7500     3.3028     3.1995     3.4995
   36.0000     3.3028     3.1995     3.4995
   36.2500     3.3028     3.1995     3.4995
   36.5000     3.3028     3.1995     3.4995
   36.7500     3.3028     3.1995     3.4995
   37.0000     3.3028     3.1995     3.4995
   37.2500     3.3028     3.1995     3.4995
   37.5000     3.3028     3.1995     3.4995
   37.7500     3.3028     3.1995     3.4995
   38.0000     3.3028     3.1995     3.4995
   38.2500     3.3028     3.1995     3.4995
   38.5000     3.3028     3.1995     3.4995
   38.7500     3.3028     3.1995     3.4995
   39.0000     3.3028     3.1995     3.4995
   39.2500     3.3028     3.1995     3.4995
   39.5000     3.3028     3.1995     3.4995
   39.7500     3.3028     3.1995     3.4995
   40.0000     3.3028     3.1995     3.4995
   40.2500     3.3028     3.1995     3.4995
   40.5000     3.3028     3.1995     3.4995
   40.7500     3.3028     3.1995     3.4995
   41.0000     3.3028     3.1995     3.4995
   41.2500     3.3028     3.1995     3.4995
   41.5000     3.3028     3.1995     3.4995
   41.7500     3.3028     3.1995     3.4995
   42.0000     3.3028     3.1995     3.4995
   42.2500     3.3028     3.1995     3.4995
   42.5000     3.3028     3.1995     3.4995
   42.7500     3.3028     3.1995     3.4995
   43.0000     3.3028     3.1995     3.4995
   43.2500     3.3028     3.1995     3.4995
   43.5000     3.3028     3.1995     3.4995
   43.7500     3.3028     3.1995     3.4995
   44.0000     3.3028     3.1995     3.4995
   44.2500     3.3028     3.1995     3.4995
   44.5000     3.3028     3.1995     3.4995
   44.7500     3.3028     3.1995     3.4995
   45.0000     3.3028     3.1995     3.4995
   45.2500     3.3028     3.1995     3.4995
   45.5000     3.3028     3.1995     3.4995
   45.7500     3.3028     3.1995     3.4995
   46.0000     3.3028     3.1995     3.4995
   46.2500     3.3028     3.1995     3.4995
   46.5000     3.3028     3.1995     3.4995
   46.7500     3.3028     3.1995     3.4995
   47.0000     3.3028     3.1995     3.4995
   47.2500     3.3028     3.1995     3.4995
   47.5000     3.3028     3.1995     3.4995
   47.7500     3.3028     3.1995     3.4995
   48.0000     3.3028     3.1995     3.4995
   48.2500     3.3028     3.1995     3.4995
   48.5000     3.3028     3.1995     3.4995
   48.7500     3.3028     3.1995     3.4995
   49.0000     3.3028     3.1995     3.4995
   49.2500     3.3028     3.1995     3.4995
   49.5000     3.3028     3.1995     3.4995
   49.7500     3.3028     3.1995     3.4995
   50.0000     3.3028     3.1995     3.4995
   50.2500     3.3028     3.1995     3.4995
   50.5000     3.3028     3.1995     3.4995
   50.7500     3.3028     3.1995     3.4995
   51.0000     3.3028     3.1995     3.4995
   51.2500     3.3028     3.1995     3.4995
   51.5000     3.3028     3.1995     3.4995
   51.7500     3.3028     3.1995     3.4995
   52.0000     3.3028     3.1995     3.4995
   52.2500     3.3028     3.1995     3.4995
   52.5000     3.3028     3.1995     3.4995
   52.7500     3.3028     3.1995     3.4995
   53.0000     3.3028     3.1995     3.4995
   53.2500     3.3028     3.1995     3.4995
   53.5000     3.3028     3.1995     3.4995
   53.7500     3.3028     3.1995     3.4995
   54.0000     3.3028     3.1995     3.4995
   54.2500     3.3028     3.1995     3.4995
   54.5000     3.3028     3.1995     3.4995
   54.7500     3.3028     3.1995     3.4995
   55.0000     3.3028     3.1995     3.4995
   55.2500     3.3028     3.1995     3.4995
   55.5000     3.3028     3.1995     3.4995
   55.7500     3.3028     3.1995     3.4995
   56.0000     3.3028     3.1995     3.4995
   56.2500     3.3028     3.1995     3.4995
   56.5000     3.3028     3.1995     3.4995
   56.7500     3.3028     3.1995     3.4995
   57.0000     3.3028     3.1995     3.5016
   57.2500     3.3028     3.1995     3.5233
   57.5000     3.3028     3.1995     3.5648
   57.7500     3.3028     3.1995     3.5845
   58.0000     3.3028     3.1995     3.5915
   58.2500     3.3028     3.1995     3.6121
   58.5000     3.3028     3.1995     3.6208
   58.7500     3.3245     3.2087     3.6213
   59.0000     3.3918     3.2570     3.6242
   59.2500     3.4450     3.2901     3.6309
   59.5000     3.4934     3.3281     3.6714
   59.7500     3.5143     3.3462     3.6714
   60.0000     3.5875     3.3766     3.7530
