# depth_km vs_median_km_s vs_p16 vs_p84
    0.0000     2.0056     2.0017     2.0109
    0.2500     2.0056     2.0017     2.0109
    0.5000     2.0056     2.0017     2.0109
    0.7500     2.0056     2.0017     2.0109
    1.0000     2.0056     2.0017     2.0109
    1.2500     2.0056     2.0017     2.0109
    1.5000     2.0056     2.0017     2.0109
    1.7500     2.0058     2.0017     2.0160
    2.0000     2.8294     2.7614     2.8603
    2.2500     2.8294     2.7614     2.8603
    2.5000     2.8294     2.7614     2.8603
    2.7500     2.8294     2.7614     2.8603
    3.0000     2.8294     2.7614     2.8603
    3.2500     2.8294     2.7614     2.8603
    3.5000     2.8294     2.7614     2.8603
    3.7500     2.8294     2.7614     2.8603
    4.0000     2.8294     2.7614     2.8603
    4.2500     2.8294     2.7614     2.8603
    4.5000     2.8294     2.7614     2.8603
    4.7500     2.8294     2.7614     2.8603
    5.0000     2.8294     2.7614     2.8603
    5.2500     2.8294     2.7614     2.8603
    5.5000     2.8330     2.7614     2.8711
    5.7500     2.9163     2.7614     2.9835
    6.0000     2.9502     2.8711     2.9897
    6.2500     2.9502     2.8711     2.9897
    6.5000     2.9502     2.8711     2.9897
    6.7500     2.9502     2.8711     2.9897
    7.0000     2.9502     2.8711     2.9897
    7.2500     2.9502     2.8711     2.9897
    7.5000     2.9502     2.8711     2.9897
    7.7500     2.9502     2.8711     2.9897
    8.0000     2.9502     2.8711     2.9897
    8.2500     2.9502     2.8711     2.9897
    8.5000     2.9502     2.8711     2.9897
    8.7500     2.9502     2.8711     2.9897
    9.0000     2.9502     2.8711     2.9897
    9.2500     2.9502     2.8711     2.9897
    9.5000     2.9502     2.8711     2.9897
    9.7500     2.9502     2.8711     2.9897
   10.0000     2.9502     2.8711     2.9897
   10.2500     2.9502     2.8711     2.9897
   10.5000     2.9502     2.8711     2.9897
   10.7500     2.9502     2.8711     2.9897
   11.0000     2.9502     2.8711     2.9897
   11.2500     2.9867     2.8834     3.1717
   11.5000     3.1645     2.8834     3.2213
   11.7500     3.1727     2.8834     3.2288
   12.0000     3.1732     2.9336     3.2288
   12.2500     3.1732     2.9336     3.2288
   12.5000     3.1732     2.9336     3.2288
   12.7500     3.1732     2.9336     3.2288
   13.0000     3.1732     2.9336     3.2288
   13.2500     3.1732     2.9336     3.2288
   13.5000     3.1732     2.9336     3.2288
   13.7500     3.1732     2.9336     3.2288
   14.0000     3.1732     2.9336     3.2288
   14.2500     3.1732     2.9336     3.2288
   14.5000     3.1732     2.9336     3.2288
   14.7500     3.1732     2.9336     3.2288
   15.0000     3.1732     2.9336     3.2288
   15.2500     3.1732     2.9336     3.2288
   15.5000     3.1732     2.9336     3.2288
   15.7500     3.1732     2.9336     3.2288
   16.0000     3.1732     2.9336     3.2288
   16.2500     3.1732     2.9336     3.2288
   16.5000     3.1732     2.9336     3.2288
   16.7500     3.1732     2.9336     3.2288
   17.0000     3.1732     2.9336     3.2288
   17.2500     3.1732     2.9336     3.2288
   17.5000     3.1732     2.9336     3.2288
   17.7500     3.1732     2.9336     3.2288
   18.0000     3.1732     2.9336     3.2288
   18.2500     3.1732     2.9336     3.2288
   18.5000     3.1732     2.9336     3.2288
   18.7500     3.1732     2.9336     3.2288
   19.0000     3.1719     2.9336     3.2288
   19.2500     3.1674     2.9336     3.2265
   19.5000     3.1583     2.9336     3.2272
   19.7500     3.1498     2.9336     3.2216
   20.0000     3.1415     2.9336     3.2216
   20.2500     3.1447     2.9595     3.2216
   20.5000     3.1447     2.9595     3.2216
   20.7500     3.1447     2.9595     3.2216
   21.0000     3.1447     2.9595     3.2216
   21.2500     3.1447     2.9595     3.2216
   21.5000     3.1447     2.9595     3.2216
   21.7500     3.1447     2.9595     3.2216
   22.0000     3.1447     2.9595     3.2216
   22.2500     3.1447     2.9595     3.2216
   22.5000     3.1447     2.9595     3.2216
   22.7500     3.1447     2.9595     3.2216
   23.0000     3.1447     2.9595     3.2216
   23.2500     3.1447     2.9595     3.2216
   23.5000     3.1447     2.9595     3.2216
   23.7500     3.1447     2.9595     3.2216
   24.0000     3.1447     2.9595     3.2216
   24.2500     3.1447     2.9595     3.2216
   24.5000     3.1447     2.9595     3.2216
   24.7500     3.1447     2.9595     3.2216
   25.0000     3.1447     2.9595     3.2216
   25.2500     3.1447     2.9595     3.2216
   25.5000     3.1447     2.9595     3.2216
   25.7500     3.1447     2.9595     3.2216
   26.0000     3.1447     2.9595     3.2216
   26.2500     3.1447     2.9595     3.2216
   26.5000     3.1447     2.9595     3.2216
   26.7500     3.1447     2.9595     3.2216
   27.0000     3.1447     2.9595     3.2216
   27.2500     3.1447     2.9595     3.2216
   27.5000     3.1447     2.9595     3.2216
   27.7500     3.1447     2.9595     3.2216
   28.0000     3.1447     2.9595     3.2216
   28.2500     3.1447     2.9595     3.2216
   28.5000     3.1447     2.9595     3.2216
   28.7500     3.1447     2.9595     3.2216
   29.0000     3.1447     2.9595     3.2216
   29.2500     3.1443     2.9595     3.2288
   29.5000     3.1443     2.9595     3.2350
   29.7500     3.1432     2.9595     3.2445
   30.0000     3.1456     2.9595     3.2571
   30.2500     3.1513     2.9595     3.2574
   30.5000     3.1513     3.0014     3.2574
   30.7500     3.1513     3.0014     3.2574
   31.0000     3.1513     3.0014     3.2574
   31.2500     3.1513     3.0014     3.2574
   31.5000     3.1513     3.0014     3.2574
   31.7500     3.1513     3.0014     3.2574
   32.0000     3.1513     3.0014     3.2574
   32.2500     3.1513     3.0014     3.2574
   32.5000     3.1513     3.0014     3.2574
   32.7500     3.1513     3.0014     3.2574
   33.0000     3.1513     3.0014     3.2574
   33.2500     3.1513     3.0014     3.2574
   33.5000     3.1513     3.0014     3.2574
   33.7500     3.1513     3.0014     3.2574
   34.0000     3.1513     3.0014     3.2574
   34.2500     3.1513     3.0014     3.2574
   34.5000     3.1513     3.0014     3.2574
   34.7500     3.1513     3.0014     3.2574
   35.0000     3.1513     3.0014     3.2574
   35.2500     3.1513     3.0014     3.2574
   35.5000     3.1513     3.0014     3.2574
   35.7500     3.1513     3.0014     3.2574
   36.0000     3.1513     3.0014     3.2574
   36.2500     3.1513     3.0014     3.2574
   36.5000     3.1513     3.0014     3.2574
   36.7500     3.1513     3.0014     3.2574
   37.0000     3.1513     3.0014     3.2574
   37.2500     3.1513     3.0014     3.2574
   37.5000     3.1513     3.0014     3.2574
   37.7500     3.1513     3.0014     3.2574
   38.0000     3.1513     3.0014     3.2574
   38.2500     3.1513     3.0014     3.2574
   38.5000     3.1513     3.0014     3.2574
   38.7500     3.1513     3.0014     3.2574
   39.0000     3.1513     3.0014     3.2574
   39.2500     3.1513     3.0014     3.2574
   39.5000     3.1513     3.0014     3.2574
   39.7500     3.1513     3.0014     3.2574
   40.0000     3.1513     3.0014     3.2574
   40.2500     3.1513     3.0014     3.2574
   40.5000     3.1513     3.0014     3.2574
   40.7500     3.1513     3.0014     3.2574
   41.0000     3.1513     3.0014     3.2574
   41.2500     3.1513     3.0014     3.2574
   41.5000     3.1513     3.0014     3.2574
   41.7500     3.1513     3.0014     3.2574
   42.0000     3.1513     3.0014     3.2574
   42.2500     3.1513     3.0014     3.2574
   42.5000     3.1513     3.0014     3.2574
   42.7500     3.1513     3.0014     3.2574
   43.0000     3.1513     3.0014     3.2574
   43.2500     3.1513     3.0014     3.2574
   43.5000     3.1513     3.0014     3.2574
   43.7500     3.1513     3.0014     3.2574
   44.0000     3.1513     3.0014     3.2574
   44.2500     3.1513     3.0014     3.2574
   44.5000     3.1513     3.0014     3.2574
   44.7500     3.1513     3.0014     3.2574
   45.0000     3.1513     3.0014     3.2574
   45.2500     3.1513     3.0014     3.2574
   45.5000     3.1513     3.0014     3.2574
   45.7500     3.1513     3.0014     3.2574
   46.0000     3.1513     3.0014     3.2574
   46.2500     3.1513     3.0014     3.2574
   46.5000     3.1513     3.0014     3.2574
   46.7500     3.1513     3.0014     3.2574
   47.0000     3.1513     3.0014     3.2574
   47.2500     3.1513     3.0014     3.2574
   47.5000     3.1513     3.0014     3.2574
   47.7500     3.1513     3.0014     3.2574
   48.0000     3.1513     3.0014     3.2574
   48.2500     3.1513     3.0014     3.2574
   48.5000     3.1513     3.0014     3.2574
   48.7500     3.1513     3.0014     3.2574
   49.0000     3.1513     3.0014     3.2574
   49.2500     3.1513     3.0014     3.2574
   49.5000     3.1513     3.0014     3.2574
   49.7500     3.1513     3.0014     3.2574
   50.0000     3.1513     3.0014     3.2574
   50.2500     3.1513     3.0014     3.2574
   50.5000     3.1513     3.0014     3.2574
   50.7500     3.1513     3.0014     3.2574
   51.0000     3.1513     3.0014     3.2574
   51.2500     3.1513     3.0014     3.2574
   51.5000     3.1513     3.0014     3.2574
   51.7500     3.1513     3.0014     3.2574
   52.0000     3.1513     3.0014     3.2574
   52.2500     3.1513     3.0014     3.2574
   52.5000     3.1513     3.0014     3.2574
   52.7500     3.1513     3.0014     3.2574
   53.0000     3.1513     3.0014     3.2574
   53.2500     3.1513     3.0014     3.2574
   53.5000     3.1513     3.0014     3.2574
   53.7500     3.1513     3.0014     3.2574
   54.0000     3.1513     3.0014     3.2574
   54.2500     3.1513     3.0014     3.2574
   54.5000     3.1513     3.0014     3.2574
   54.7500     3.1513     3.0014     3.2574
   55.0000     3.1513     3.0014     3.2574
   55.2500     3.1513     3.0014     3.2574
   55.5000     3.1513     3.0014     3.2574
   55.7500     3.1513     3.0014     3.2574
   56.0000     3.1513     3.0014     3.2574
   56.2500     3.1513     3.0014     3.2574
   56.5000     3.1513     3.0014     3.2574
   56.7500     3.1513     3.0014     3.2574
   57.0000     3.1513     3.0014     3.2574
   57.2500     3.1513     3.0014     3.2574
   57.5000     3.1513     3.0014     3.2574
   57.7500     3.1513     3.0014     3.2574
   58.0000     3.1513     3.0014     3.2574
   58.2500     3.1513     3.0014     3.2574
   58.5000     3.1513     3.0014     3.2574
   58.7500     3.1516     3.0014     3.2574
   59.0000     3.2035     3.0014     3.2732
   59.2500     3.2328     3.0014     3.3040
   59.5000     3.2358     3.0014     3.3135
   59.7500     3.2483     3.0014     3.3235
   60.0000     3.2501     3.1276     3.3276
