# depth_km vs_median_km_s vs_p16 vs_p84
    0.0000     2.1443     2.1374     2.1517
    0.2500     2.1443     2.1374     2.1517
    0.5000     2.1443     2.1374     2.1517
    0.7500     2.1443     2.1374     2.1517
    1.0000     2.1443     2.1374     2.1517
    1.2500     2.1443     2.1374     2.1517
    1.5000     2.1443     2.1374     2.1517
    1.7500     2.1443     2.1374     2.1517
    2.0000     2.3375     2.1489     2.3571
    2.2500     2.3450     2.3286     2.3623
    2.5000     2.3450     2.3286     2.3623
    2.7500     2.3450     2.3286     2.3623
    3.0000     2.3450     2.3286     2.3623
    3.2500     2.3450     2.3286     2.3623
    3.5000     2.3450     2.3286     2.3623
    3.7500     2.3450     2.3286     2.3623
    4.0000     2.3450     2.3286     2.3623
    4.2500     2.3450     2.3286     2.3623
    4.5000     2.3450     2.3286     2.3623
    4.7500     2.3450     2.3286     2.3623
    5.0000     2.3450     2.3286     2.3623
    5.2500     2.3450     2.3286     2.3623
    5.5000     2.3450     2.3286     2.3623
    5.7500     2.3536     2.3299     2.4210
    6.0000     2.4046     2.3376     2.4444
    6.2500     2.4068     2.3477     2.4444
    6.5000     2.4068     2.3477     2.4444
    6.7500     2.4068     2.3477     2.4444
    7.0000     2.4068     2.3477     2.4444
    7.2500     2.4068     2.3477     2.4444
    7.5000     2.4068     2.3477     2.4444
    7.7500     2.4068     2.3477     2.4444
    8.0000     2.4068     2.3477     2.4444
    8.2500     2.4068     2.3477     2.4444
    8.5000     2.4068     2.3477     2.4444
    8.7500     2.4068     2.3477     2.4444
    9.0000     2.4068     2.3477     2.4444
    9.2500     2.4068     2.3477     2.4444
    9.5000     2.4068     2.3477     2.4444
    9.7500     2.4068     2.3477     2.4444
   10.0000     2.4068     2.3477     2.4444
   10.2500     2.4068     2.3477     2.4444
   10.5000     2.4068     2.3477     2.4444
   10.7500     2.4068     2.3477     2.4444
   11.0000     2.4068     2.3477     2.4444
   11.2500     2.4068     2.3477     2.4444
   11.5000     2.3827     2.3369     2.4334
   11.7500     2.3607     2.3235     2.4235
   12.0000     2.3430     2.2903     2.3880
   12.2500     2.3300     2.2819     2.3801
   12.5000     2.3265     2.2819     2.3724
   12.7500     2.3265     2.2819     2.3724
   13.0000     2.3265     2.2819     2.3724
   13.2500     2.3265     2.2819     2.3724
   13.5000     2.3265     2.2819     2.3724
   13.7500     2.3265     2.2819     2.3724
   14.0000     2.3265     2.2819     2.3724
   14.2500     2.3265     2.2819     2.3724
   14.5000     2.3265     2.2819     2.3724
   14.7500     2.3265     2.2819     2.3724
   15.0000     2.3265     2.2819     2.3724
   15.2500     2.3265     2.2819     2.3724
   15.5000     2.3265     2.2819     2.3724
   15.7500     2.3265     2.2819     2.3724
   16.0000     2.3265     2.2819     2.3724
   16.2500     2.3265     2.2819     2.3724
   16.5000     2.3265     2.2819     2.3724
   16.7500     2.3265     2.2819     2.3724
   17.0000     2.3265     2.2819     2.3724
   17.2500     2.3265     2.2819     2.3724
   17.5000     2.3265     2.2819     2.3724
   17.7500     2.3265     2.2819     2.3724
   18.0000     2.3265     2.2819     2.3724
   18.2500     2.3265     2.2819     2.3724
   18.5000     2.3265     2.2819     2.3724
   18.7500     2.3265     2.2819     2.3724
   19.0000     2.3274     2.2819     2.3730
   19.2500     2.3286     2.2826     2.3880
   19.5000     2.3404     2.2826     2.3904
   19.7500     2.3437     2.2823     2.3989
   20.0000     2.3443     2.2886     2.4010
   20.2500     2.3479     2.2934     2.4042
   20.5000     2.3647     2.3163     2.4109
   20.7500     2.3725     2.3232     2.4190
   21.0000     2.3742     2.3253     2.4190
   21.2500     2.3742     2.3253     2.4190
   21.5000     2.3742     2.3253     2.4190
   21.7500     2.3742     2.3253     2.4190
   22.0000     2.3742     2.3253     2.4190
   22.2500     2.3742     2.3253     2.4190
   22.5000     2.3742     2.3253     2.4190
   22.7500     2.3742     2.3253     2.4190
   23.0000     2.3742     2.3253     2.4190
   23.2500     2.3742     2.3253     2.4190
   23.5000     2.3742     2.3253     2.4190
   23.7500     2.3742     2.3253     2.4190
   24.0000     2.3742     2.3253     2.4190
   24.2500     2.3742     2.3253     2.4190
   24.5000     2.3742     2.3253     2.4190
   24.7500     2.3742     2.3253     2.4190
   25.0000     2.3742     2.3253     2.4190
   25.2500     2.3742     2.3253     2.4190
   25.5000     2.3742     2.3253     2.4190
   25.7500     2.3742     2.3253     2.4190
   26.0000     2.3742     2.3253     2.4190
   26.2500     2.3742     2.3253     2.4190
   26.5000     2.3742     2.3253     2.4190
   26.7500     2.3742     2.3253     2.4190
   27.0000     2.3742     2.3253     2.4190
   27.2500     2.3742     2.3253     2.4190
   27.5000     2.3742     2.3253     2.4190
   27.7500     2.3742     2.3253     2.4190
   28.0000     2.3751     2.3253     2.4209
   28.2500     2.3773     2.3253     2.4248
   28.5000     2.3779     2.3254     2.4419
   28.7500     2.3783     2.3282     2.4459
   29.0000     2.3818     2.3286     2.4462
   29.2500     2.3917     2.3289     2.4472
   29.5000     2.3981     2.3289     2.4491
   29.7500     2.4030     2.3289     2.4551
   30.0000     2.4030     2.3304     2.4566
   30.2500     2.4043     2.3372     2.4626
   30.5000     2.4119     2.3373     2.4672
   30.7500     2.4138     2.3397     2.4673
   31.0000     2.4147     2.3397     2.4673
   31.2500     2.4148     2.3397     2.4673
   31.5000     2.4148     2.3397     2.4673
   31.7500     2.4148     2.3397     2.4673
   32.0000     2.4148     2.3397     2.4673
   32.2500     2.4148     2.3397     2.4673
   32.5000     2.4148     2.3397     2.4673
   32.7500     2.4148     2.3397     2.4673
   33.0000     2.4148     2.3397     2.4673
   33.2500     2.4148     2.3397     2.4673
   33.5000     2.4148     2.3397     2.4673
   33.7500     2.4148     2.3397     2.4673
   34.0000     2.4148     2.3397     2.4673
   34.2500     2.4148     2.3397     2.4673
   34.5000     2.4148     2.3397     2.4673
   34.7500     2.4148     2.3397     2.4673
   35.0000     2.4148     2.3397     2.4673
   35.2500     2.4148     2.3397     2.4673
   35.5000     2.4148     2.3397     2.4673
   35.7500     2.4148     2.3397     2.4673
   36.0000     2.4148     2.3397     2.4673
   36.2500     2.4148     2.3397     2.4673
   36.5000     2.4148     2.3397     2.4673
   36.7500     2.4148     2.3397     2.4673
   37.0000     2.4148     2.3397     2.4673
   37.2500     2.4148     2.3397     2.4673
   37.5000     2.4148     2.3397     2.4673
   37.7500     2.4148     2.3397     2.4673
   38.0000     2.4148     2.3397     2.4673
   38.2500     2.4148     2.3397     2.4673
   38.5000     2.4148     2.3397     2.4673
   38.7500     2.4148     2.3397     2.4673
   39.0000     2.4148     2.3397     2.4673
   39.2500     2.4148     2.3397     2.4673
   39.5000     2.4148     2.3397     2.4673
   39.7500     2.4148     2.3397     2.4673
   40.0000     2.4148     2.3397     2.4673
   40.2500     2.4148     2.3397     2.4673
   40.5000     2.4148     2.3397     2.4673
   40.7500     2.4148     2.3397     2.4673
   41.0000     2.4148     2.3397     2.4673
   41.2500     2.4148     2.3397     2.4673
   41.5000     2.4148     2.3397     2.4673
   41.7500     2.4148     2.3397     2.4673
   42.0000     2.4148     2.3397     2.4673
   42.2500     2.4148     2.3397     2.4673
   42.5000     2.4148     2.3397     2.4673
   42.7500     2.4148     2.3397     2.4673
   43.0000     2.4148     2.3397     2.4673
   43.2500     2.4148     2.3397     2.4673
   43.5000     2.4148     2.3397     2.4673
   43.7500     2.4148     2.3397     2.4673
   44.0000     2.4148     2.3397     2.4673
   44.2500     2.4148     2.3397     2.4673
   44.5000     2.4148     2.3397     2.4673
   44.7500     2.4148     2.3397     2.4673
   45.0000     2.4148     2.3397     2.4673
   45.2500     2.4148     2.3397     2.4673
   45.5000     2.4148     2.3397     2.4673
   45.7500     2.4148     2.3397     2.4673
   46.0000     2.4148     2.3397     2.4673
   46.2500     2.4148     2.3397     2.4673
   46.5000     2.4148     2.3397     2.4673
   46.7500     2.4148     2.3397     2.4673
   47.0000     2.4148     2.3397     2.4673
   47.2500     2.4148     2.3397     2.4673
   47.5000     2.4148     2.3397     2.4673
   47.7500     2.4148     2.3397     2.4673
   48.0000     2.4148     2.3397     2.4673
   48.2500     2.4148     2.3397     2.4673
   48.5000     2.4148     2.3397     2.4673
   48.7500     2.4148     2.3397     2.4673
   49.0000     2.4148     2.3397     2.4673
   49.2500     2.4148     2.3397     2.4673
   49.5000     2.4148     2.3397     2.4673
   49.7500     2.4148     2.3397     2.4673
   50.0000     2.4148     2.3397     2.4673
   50.2500     2.4148     2.3397     2.4673
   50.5000     2.4148     2.3397     2.4673
   50.7500     2.4148     2.3397     2.4673
   51.0000     2.4148     2.3397     2.4673
   51.2500     2.4148     2.3397     2.4673
   51.5000     2.4148     2.3397     2.4673
   51.7500     2.4148     2.3397     2.4673
   52.0000     2.4148     2.3397     2.4673
   52.2500     2.4148     2.3397     2.4673
   52.5000     2.4148     2.3397     2.4673
   52.7500     2.4148     2.3397     2.4673
   53.0000     2.4148     2.3397     2.4673
   53.2500     2.4148     2.3397     2.4673
   53.5000     2.4148     2.3397     2.4673
   53.7500     2.4148     2.3397     2.4673
   54.0000     2.4148     2.3397     2.4673
   54.2500     2.4148     2.3397     2.4673
   54.5000     2.4148     2.3397     2.4673
   54.7500     2.4148     2.3397     2.4673
   55.0000     2.4148     2.3397     2.4673
   55.2500     2.4148     2.3397     2.4673
   55.5000     2.4148     2.3397     2.4673
   55.7500     2.4148     2.3397     2.4673
   56.0000     2.4148     2.3397     2.4673
   56.2500     2.4148     2.3397     2.4673
   56.5000     2.4148     2.3397     2.4673
   56.7500     2.4148     2.3397     2.4673
   57.0000     2.4148     2.3397     2.4673
   57.2500     2.4148     2.3397     2.4673
   57.5000     2.4148     2.3397     2.4673
   57.7500     2.4142     2.3319     2.4673
   58.0000     2.4094     2.3229     2.4673
   58.2500     2.3943     2.3176     2.4651
   58.5000     2.3748     2.3171     2.4651
   58.7500     2.3654     2.3167     2.4624
   59.0000     2.3645     2.3167     2.4580
   59.2500     2.3640     2.3167     2.4279
   59.5000     2.3644     2.3174     2.4165
   59.7500     2.3675     2.3181     2.4177
   60.0000     2.3704     2.3205     2.4204
