# depth_km vs_median_km_s vs_p16 vs_p84
    0.0000     1.8820     1.8793     1.8848
    0.2500     1.8820     1.8793     1.8848
    0.5000     1.8820     1.8793     1.8848
    0.7500     1.8820     1.8793     1.8848
    1.0000     1.8820     1.8793     1.8848
    1.2500     1.8820     1.8793     1.8848
    1.5000     1.8820     1.8793     1.8848
    1.7500     1.8820     1.8793     1.8848
    2.0000     2.3408     2.3183     2.3606
    2.2500     2.3447     2.3287     2.3745
    2.5000     2.3447     2.3287     2.3745
    2.7500     2.3447     2.3287     2.3745
    3.0000     2.3447     2.3287     2.3745
    3.2500     2.3447     2.3287     2.3745
    3.5000     2.3447     2.3287     2.3745
    3.7500     2.3447     2.3287     2.3745
    4.0000     2.3447     2.3287     2.3745
    4.2500     2.3447     2.3287     2.3745
    4.5000     2.3447     2.3287     2.3745
    4.7500     2.3447     2.3287     2.3745
    5.0000     2.3447     2.3287     2.3745
    5.2500     2.3447     2.3287     2.3745
    5.5000     2.3447     2.3287     2.3745
    5.7500     2.3447     2.3287     2.3745
    6.0000     2.5413     2.4152     2.6114
    6.2500     2.5668     2.4840     2.6114
    6.5000     2.5668     2.4840     2.6114
    6.7500     2.5668     2.4840     2.6114
    7.0000     2.5668     2.4840     2.6114
    7.2500     2.5668     2.4840     2.6114
    7.5000     2.5668     2.4840     2.6114
    7.7500     2.5668     2.4840     2.6114
    8.0000     2.5668     2.4840     2.6114
    8.2500     2.5668     2.4840     2.6114
    8.5000     2.5668     2.4840     2.6114
    8.7500     2.5668     2.4840     2.6114
    9.0000     2.5668     2.4840     2.6114
    9.2500     2.5668     2.4840     2.6114
    9.5000     2.5668     2.4840     2.6114
    9.7500     2.5668     2.4840     2.6114
   10.0000     2.5668     2.4840     2.6114
   10.2500     2.5668     2.4840     2.6114
   10.5000     2.5668     2.4840     2.6114
   10.7500     2.5668     2.4840     2.6114
   11.0000     2.5668     2.4840     2.6114
   11.2500     2.5668     2.4840     2.6114
   11.5000     2.5668     2.4840     2.6114
   11.7500     2.5668     2.4840     2.6114
   12.0000     2.8102     2.5861     2.9433
   12.2500     2.8258     2.7232     2.9433
   12.5000     2.8258     2.7232     2.9433
   12.7500     2.8258     2.7232     2.9433
   13.0000     2.8258     2.7232     2.9433
   13.2500     2.8258     2.7232     2.9433
   13.5000     2.8258     2.7232     2.9433
   13.7500     2.8258     2.7232     2.9433
   14.0000     2.8258     2.7232     2.9433
   14.2500     2.8258     2.7232     2.9433
   14.5000     2.8258     2.7232     2.9433
   14.7500     2.8258     2.7232     2.9433
   15.0000     2.8258     2.7232     2.9433
   15.2500     2.8258     2.7232     2.9433
   15.5000     2.8258     2.7232     2.9433
   15.7500     2.8258     2.7232     2.9433
   16.0000     2.8258     2.7232     2.9433
   16.2500     2.8258     2.7232     2.9433
   16.5000     2.8258     2.7232     2.9433
   16.7500     2.8258     2.7232     2.9433
   17.0000     2.8258     2.7232     2.9433
   17.2500     2.8258     2.7232     2.9433
   17.5000     2.8258     2.7232     2.9433
   17.7500     2.8258     2.7232     2.9433
   18.0000     2.8258     2.7232     2.9433
   18.2500     2.8258     2.7232     2.9433
   18.5000     2.8258     2.7232     2.9433
   18.7500     2.8258     2.7232     2.9433
   19.0000     2.8258     2.7232     2.9433
   19.2500     2.8258     2.7232     2.9433
   19.5000     2.8258     2.7232     2.9433
   19.7500     2.8788     2.7912     3.2809
   20.0000     3.0478     2.8125     3.2809
   20.2500     3.2266     2.8305     3.2809
   20.5000     3.2266     3.1022     3.2809
   20.7500     3.2266     3.1022     3.2809
   21.0000     3.2266     3.1022     3.2809
   21.2500     3.2266     3.1022     3.2809
   21.5000     3.2266     3.1022     3.2809
   21.7500     3.2266     3.1022     3.2809
   22.0000     3.2266     3.1022     3.2809
   22.2500     3.2266     3.1022     3.2809
   22.5000     3.2266     3.1022     3.2809
   22.7500     3.2266     3.1022     3.2809
   23.0000     3.2266     3.1022     3.2809
   23.2500     3.2266     3.1022     3.2809
   23.5000     3.2266     3.1022     3.2809
   23.7500     3.2266     3.1022     3.2809
   24.0000     3.2266     3.1022     3.2809
   24.2500     3.2266     3.1022     3.2809
   24.5000     3.2266     3.1022     3.2809
   24.7500     3.2266     3.1022     3.2809
   25.0000     3.2266     3.1022     3.2809
   25.2500     3.2266     3.1022     3.2809
   25.5000     3.2266     3.1022     3.2809
   25.7500     3.2266     3.1022     3.2809
   26.0000     3.2266     3.1022     3.2809
   26.2500     3.2266     3.1022     3.2809
   26.5000     3.2266     3.1022     3.2809
   26.7500     3.2266     3.1022     3.2809
   27.0000     3.2266     3.1022     3.2809
   27.2500     3.2266     3.1022     3.2809
   27.5000     3.2266     3.1022     3.2809
   27.7500     3.2266     3.1022     3.2809
   28.0000     3.2266     3.1022     3.2809
   28.2500     3.2266     3.1022     3.2809
   28.5000     3.2266     3.1022     3.2809
   28.7500     3.2266     3.1022     3.2809
   29.0000     3.2266     3.1022     3.2809
   29.2500     3.2266     3.1022     3.2809
   29.5000     3.2266     3.1022     3.2809
   29.7500     3.2266     3.1022     3.5882
   30.0000     3.5045     3.1022     3.5969
   30.2500     3.5354     3.1479     3.5969
   30.5000     3.5772     3.3297     3.6110
   30.7500     3.5772     3.3297     3.6110
   31.0000     3.5772     3.3297     3.6110
   31.2500     3.5772     3.3297     3.6110
   31.5000     3.5772     3.3297     3.6110
   31.7500     3.5772     3.3297     3.6110
   32.0000     3.5772     3.3297     3.6110
   32.2500     3.5772     3.3297     3.6110
   32.5000     3.5772     3.3297     3.6110
   32.7500     3.5772     3.3297     3.6110
   33.0000     3.5772     3.3297     3.6110
   33.2500     3.5772     3.3297     3.6110
   33.5000     3.5772     3.3297     3.6110
   33.7500     3.5772     3.3297     3.6110
   34.0000     3.5772     3.3297     3.6110
   34.2500     3.5772     3.3297     3.6110
   34.5000     3.5772     3.3297     3.6110
   34.7500     3.5772     3.3297     3.6110
   35.0000     3.5772     3.3297     3.6110
   35.2500     3.5772     3.3297     3.6110
   35.5000     3.5772     3.3297     3.6110
   35.7500     3.5772     3.3297     3.6110
   36.0000     3.5772     3.3297     3.6110
   36.2500     3.5772     3.3297     3.6110
   36.5000     3.5772     3.3297     3.6110
   36.7500     3.5772     3.3297     3.6110
   37.0000     3.5772     3.3297     3.6110
   37.2500     3.5772     3.3297     3.6110
   37.5000     3.5772     3.3297     3.6110
   37.7500     3.5772     3.3297     3.6110
   38.0000     3.5772     3.3297     3.6110
   38.2500     3.5772     3.3297     3.6110
   38.5000     3.5772     3.3297     3.6110
   38.7500     3.5772     3.3297     3.6110
   39.0000     3.5772     3.3297     3.6110
   39.2500     3.5772     3.3297     3.6110
   39.5000     3.5772     3.3297     3.6110
   39.7500     3.5772     3.3297     3.6110
   40.0000     3.5772     3.3297     3.6110
   40.2500     3.5772     3.3297     3.6110
   40.5000     3.5772     3.3297     3.6110
   40.7500     3.5772     3.3297     3.6110
   41.0000     3.5772     3.3297     3.6110
   41.2500     3.5772     3.3297     3.6110
   41.5000     3.5772     3.3297     3.6110
   41.7500     3.5772     3.3297     3.6110
   42.0000     3.5772     3.3297     3.6110
   42.2500     3.5772     3.3297     3.6110
   42.5000     3.5772     3.3297     3.6110
   42.7500     3.5772     3.3297     3.6110
   43.0000     3.5772     3.3297     3.6110
   43.2500     3.5772     3.3297     3.6110
   43.5000     3.5772     3.3297     3.6110
   43.7500     3.5772     3.3297     3.6110
   44.0000     3.5772     3.3297     3.6110
   44.2500     3.5772     3.3297     3.6110
   44.5000     3.5772     3.3297     3.6110
   44.7500     3.5772     3.3297     3.6110
   45.0000     3.5772     3.3297     3.6110
   45.2500     3.5772     3.3297     3.6110
   45.5000     3.5772     3.3297     3.6110
   45.7500     3.5772     3.3297     3.6110
   46.0000     3.5772     3.3297     3.6110
   46.2500     3.5772     3.3297     3.6110
   46.5000     3.5772     3.3297     3.6110
   46.7500     3.5772     3.3297     3.6110
   47.0000     3.5772     3.3297     3.6110
   47.2500     3.5772     3.3297     3.6110
   47.5000     3.5772     3.3297     3.6110
   47.7500     3.5772     3.3297     3.6110
   48.0000     3.5772     3.3297     3.6110
   48.2500     3.5772     3.3297     3.6110
   48.5000     3.5772     3.3297     3.6110
   48.7500     3.5772     3.3297     3.6110
   49.0000     3.5772     3.3297     3.6110
   49.2500     3.5772     3.3297     3.6110
   49.5000     3.5772     3.3297     3.6110
   49.7500     3.5772     3.3297     3.6110
   50.0000     3.5772     3.3297     3.6110
   50.2500     3.5772     3.3297     3.6110
   50.5000     3.5772     3.3297     3.6110
   50.7500     3.5772     3.3297     3.6110
   51.0000     3.5772     3.3297     3.6110
   51.2500     3.5772     3.3297     3.6110
   51.5000     3.5772     3.3297     3.6110
   51.7500     3.5772     3.3297     3.6110
   52.0000     3.5772     3.3297     3.6110
   52.2500     3.5772     3.3297     3.6110
   52.5000     3.5772     3.3297     3.6110
   52.7500     3.5772     3.3297     3.6110
   53.0000     3.5772     3.3297     3.6110
   53.2500     3.5772     3.3297     3.6110
   53.5000     3.5772     3.3297     3.6110
   53.7500     3.5772     3.3297     3.6110
   54.0000     3.5772     3.3297     3.6110
   54.2500     3.5772     3.3297     3.6110
   54.5000     3.5772     3.3297     3.6110
   54.7500     3.5772     3.3297     3.6110
   55.0000     3.5772     3.3297     3.6110
   55.2500     3.5772     3.3297     3.6110
   55.5000     3.5772     3.3297     3.6110
   55.7500     3.5772     3.3297     3.6110
   56.0000     3.5772     3.3297     3.6110
   56.2500     3.5772     3.3297     3.6110
   56.5000     3.5772     3.3297     3.6110
   56.7500     3.5772     3.3297     3.6110
   57.0000     3.5772     3.3297     3.6110
   57.2500     3.5772     3.3297     3.6110
   57.5000     3.5772     3.3297     3.6110
   57.7500     3.5772     3.3297     3.6110
   58.0000     3.5772     3.3297     3.6110
   58.2500     3.5772     3.3297     3.6110
   58.5000     3.5772     3.3297     3.6110
   58.7500     3.5772     3.3297     3.6110
   59.0000     3.5772     3.3297     3.6110
   59.2500     3.5787     3.3297     3.6134
   59.5000     3.5862     3.3297     3.7050
   59.7500     3.5961     3.3297     3.9585
   60.0000     3.9369     3.5537     4.1102
