# depth_km vs_median_km_s vs_p16 vs_p84
    0.0000     1.7489     1.7394     1.7621
    0.2500     1.7489     1.7394     1.7621
    0.5000     1.7489     1.7394     1.7621
    0.7500     1.7489     1.7394     1.7621
    1.0000     1.7489     1.7394     1.7621
    1.2500     1.7489     1.7394     1.7621
    1.5000     1.7620     1.7488     2.5270
    1.7500     2.5842     2.5226     2.6921
    2.0000     2.5842     2.5226     2.6921
    2.2500     2.5842     2.5226     2.6921
    2.5000     2.5842     2.5226     2.6921
    2.7500     2.5842     2.5226     2.6921
    3.0000     2.5842     2.5226     2.6921
    3.2500     2.5842     2.5226     2.6921
    3.5000     2.5842     2.5226     2.6921
    3.7500     2.5842     2.5226     2.6921
    4.0000     2.5842     2.5226     2.6921
    4.2500     2.5842     2.5226     2.6921
    4.5000     2.5842     2.5226     2.6921
    4.7500     2.5842     2.5226     2.6921
    5.0000     2.5842     2.5226     2.6921
    5.2500     2.5992     2.5257     2.7092
    5.5000     2.7330     2.6110     2.8851
    5.7500     2.8559     2.7095     2.9114
    6.0000     2.8715     2.7318     2.9171
    6.2500     2.8715     2.7318     2.9171
    6.5000     2.8715     2.7318     2.9171
    6.7500     2.8715     2.7318     2.9171
    7.0000     2.8715     2.7318     2.9171
    7.2500     2.8715     2.7318     2.9171
    7.5000     2.8715     2.7318     2.9171
    7.7500     2.8715     2.7318     2.9171
    8.0000     2.8715     2.7318     2.9171
    8.2500     2.8715     2.7318     2.9171
    8.5000     2.8715     2.7318     2.9171
    8.7500     2.8715     2.7318     2.9171
    9.0000     2.8715     2.7318     2.9171
    9.2500     2.8715     2.7318     2.9171
    9.5000     2.8715     2.7318     2.9171
    9.7500     2.8715     2.7318     2.9171
   10.0000     2.8715     2.7318     2.9171
   10.2500     2.8715     2.7318     2.9171
   10.5000     2.8715     2.7318     2.9171
   10.7500     2.8717     2.7318     2.9171
   11.0000     2.8983     2.7632     2.9555
   11.2500     2.9232     2.8114     3.1304
   11.5000     3.0036     2.8652     3.1817
   11.7500     3.0987     2.8779     3.1917
   12.0000     3.0992     2.8779     3.1917
   12.2500     3.0992     2.8779     3.1917
   12.5000     3.0992     2.8779     3.1917
   12.7500     3.0992     2.8779     3.1917
   13.0000     3.0992     2.8779     3.1917
   13.2500     3.0992     2.8779     3.1917
   13.5000     3.0992     2.8779     3.1917
   13.7500     3.0992     2.8779     3.1917
   14.0000     3.0992     2.8779     3.1917
   14.2500     3.0992     2.8779     3.1917
   14.5000     3.0992     2.8779     3.1917
   14.7500     3.0992     2.8779     3.1917
   15.0000     3.0992     2.8779     3.1917
   15.2500     3.0992     2.8779     3.1917
   15.5000     3.0992     2.8779     3.1917
   15.7500     3.0992     2.8779     3.1917
   16.0000     3.0992     2.8779     3.1917
   16.2500     3.0992     2.8779     3.1917
   16.5000     3.0992     2.8779     3.1917
   16.7500     3.0992     2.8779     3.1917
   17.0000     3.0992     2.8779     3.1917
   17.2500     3.0992     2.8779     3.1917
   17.5000     3.0992     2.8779     3.1917
   17.7500     3.0992     2.8779     3.1917
   18.0000     3.0992     2.8779     3.1917
   18.2500     3.0992     2.8779     3.1917
   18.5000     3.0992     2.8779     3.1917
   18.7500     3.1129     2.8779     3.1954
   19.0000     3.1177     2.8800     3.2068
   19.2500     3.1450     2.9003     3.2445
   19.5000     3.1567     2.9408     3.2874
   19.7500     3.1754     2.9938     3.3198
   20.0000     3.2019     3.0038     3.3262
   20.2500     3.2019     3.0038     3.3262
   20.5000     3.2019     3.0038     3.3262
   20.7500     3.2019     3.0038     3.3262
   21.0000     3.2019     3.0038     3.3262
   21.2500     3.2019     3.0038     3.3262
   21.5000     3.2019     3.0038     3.3262
   21.7500     3.2019     3.0038     3.3262
   22.0000     3.2019     3.0038     3.3262
   22.2500     3.2019     3.0038     3.3262
   22.5000     3.2019     3.0038     3.3262
   22.7500     3.2019     3.0038     3.3262
   23.0000     3.2019     3.0038     3.3262
   23.2500     3.2019     3.0038     3.3262
   23.5000     3.2019     3.0038     3.3262
   23.7500     3.2019     3.0038     3.3262
   24.0000     3.2019     3.0038     3.3262
   24.2500     3.2019     3.0038     3.3262
   24.5000     3.2019     3.0038     3.3262
   24.7500     3.2019     3.0038     3.3262
   25.0000     3.2019     3.0038     3.3262
   25.2500     3.2019     3.0038     3.3262
   25.5000     3.2019     3.0038     3.3262
   25.7500     3.2019     3.0038     3.3262
   26.0000     3.2019     3.0038     3.3262
   26.2500     3.2019     3.0038     3.3262
   26.5000     3.2019     3.0038     3.3262
   26.7500     3.2019     3.0038     3.3262
   27.0000     3.2019     3.0038     3.3262
   27.2500     3.2019     3.0038     3.3262
   27.5000     3.2019     3.0038     3.3262
   27.7500     3.2019     3.0038     3.3262
   28.0000     3.2019     3.0038     3.3262
   28.2500     3.2019     3.0038     3.3262
   28.5000     3.2054     3.0038     3.3262
   28.7500     3.2211     3.0120     3.3262
   29.0000     3.2264     3.0322     3.3434
   29.2500     3.2453     3.0460     3.3771
   29.5000     3.2568     3.0560     3.4008
   29.7500     3.2568     3.0785     3.4316
   30.0000     3.2679     3.0876     3.4337
   30.2500     3.2684     3.0876     3.4337
   30.5000     3.2684     3.0876     3.4337
   30.7500     3.2684     3.0876     3.4337
   31.0000     3.2684     3.0876     3.4337
   31.2500     3.2684     3.0876     3.4337
   31.5000     3.2684     3.0876     3.4337
   31.7500     3.2684     3.0876     3.4337
   32.0000     3.2684     3.0876     3.4337
   32.2500     3.2684     3.0876     3.4337
   32.5000     3.2684     3.0876     3.4337
   32.7500     3.2684     3.0876     3.4337
   33.0000     3.2684     3.0876     3.4337
   33.2500     3.2684     3.0876     3.4337
   33.5000     3.2684     3.0876     3.4337
   33.7500     3.2684     3.0876     3.4337
   34.0000     3.2684     3.0876     3.4337
   34.2500     3.2684     3.0876     3.4337
   34.5000     3.2684     3.0876     3.4337
   34.7500     3.2684     3.0876     3.4337
   35.0000     3.2684     3.0876     3.4337
   35.2500     3.2684     3.0876     3.4337
   35.5000     3.2684     3.0876     3.4337
   35.7500     3.2684     3.0876     3.4337
   36.0000     3.2684     3.0876     3.4337
   36.2500     3.2684     3.0876     3.4337
   36.5000     3.2684     3.0876     3.4337
   36.7500     3.2684     3.0876     3.4337
   37.0000     3.2684     3.0876     3.4337
   37.2500     3.2684     3.0876     3.4337
   37.5000     3.2684     3.0876     3.4337
   37.7500     3.2684     3.0876     3.4337
   38.0000     3.2684     3.0876     3.4337
   38.2500     3.2684     3.0876     3.4337
   38.5000     3.2684     3.0876     3.4337
   38.7500     3.2684     3.0876     3.4337
   39.0000     3.2684     3.0876     3.4337
   39.2500     3.2684     3.0876     3.4337
   39.5000     3.2684     3.0876     3.4337
   39.7500     3.2684     3.0876     3.4337
   40.0000     3.2684     3.0876     3.4337
   40.2500     3.2684     3.0876     3.4337
   40.5000     3.2684     3.0876     3.4337
   40.7500     3.2684     3.0876     3.4337
   41.0000     3.2684     3.0876     3.4337
   41.2500     3.2684     3.0876     3.4337
   41.5000     3.2684     3.0876     3.4337
   41.7500     3.2684     3.0876     3.4337
   42.0000     3.2684     3.0876     3.4337
   42.2500     3.2684     3.0876     3.4337
   42.5000     3.2684     3.0876     3.4337
   42.7500     3.2684     3.0876     3.4337
   43.0000     3.2684     3.0876     3.4337
   43.2500     3.2684     3.0876     3.4337
   43.5000     3.2684     3.0876     3.4337
   43.7500     3.2684     3.0876     3.4337
   44.0000     3.2684     3.0876     3.4337
   44.2500     3.2684     3.0876     3.4337
   44.5000     3.2684     3.0876     3.4337
   44.7500     3.2684     3.0876     3.4337
   45.0000     3.2684     3.0876     3.4337
   45.2500     3.2684     3.0876     3.4337
   45.5000     3.2684     3.0876     3.4337
   45.7500     3.2684     3.0876     3.4337
   46.0000     3.2684     3.0876     3.4337
   46.2500     3.2684     3.0876     3.4337
   46.5000     3.2684     3.0876     3.4337
   46.7500     3.2684     3.0876     3.4337
   47.0000     3.2684     3.0876     3.4337
   47.2500     3.2684     3.0876     3.4337
   47.5000     3.2684     3.0876     3.4337
   47.7500     3.2684     3.0876     3.4337
   48.0000     3.2684     3.0876     3.4337
   48.2500     3.2684     3.0876     3.4337
   48.5000     3.2684     3.0876     3.4337
   48.7500     3.2684     3.0876     3.4337
   49.0000     3.2684     3.0876     3.4337
   49.2500     3.2684     3.0876     3.4337
   49.5000     3.2684     3.0876     3.4337
   49.7500     3.2684     3.0876     3.4337
   50.0000     3.2684     3.0876     3.4337
   50.2500     3.2684     3.0876     3.4337
   50.5000     3.2684     3.0876     3.4337
   50.7500     3.2684     3.0876     3.4337
   51.0000     3.2684     3.0876     3.4337
   51.2500     3.2684     3.0876     3.4337
   51.5000     3.2684     3.0876     3.4337
   51.7500     3.2684     3.0876     3.4337
   52.0000     3.2684     3.0876     3.4337
   52.2500     3.2684     3.0876     3.4337
   52.5000     3.2684     3.0876     3.4337
   52.7500     3.2684     3.0876     3.4337
   53.0000     3.2684     3.0876     3.4337
   53.2500     3.2684     3.0876     3.4337
   53.5000     3.2684     3.0876     3.4337
   53.7500     3.2684     3.0876     3.4337
   54.0000     3.2684     3.0876     3.4337
   54.2500     3.2684     3.0876     3.4337
   54.5000     3.2684     3.0876     3.4337
   54.7500     3.2684     3.0876     3.4337
   55.0000     3.2684     3.0876     3.4337
   55.2500     3.2684     3.0876     3.4337
   55.5000     3.2684     3.0876     3.4337
   55.7500     3.2684     3.0876     3.4337
   56.0000     3.2684     3.0876     3.4337
   56.2500     3.2684     3.0876     3.4337
   56.5000     3.2684     3.0876     3.4337
   56.7500     3.2684     3.0876     3.4337
   57.0000     3.2684     3.0876     3.4337
   57.2500     3.2684     3.0876     3.4337
   57.5000     3.2700     3.1044     3.4337
   57.7500     3.2834     3.1044     3.4337
   58.0000     3.3230     3.1044     3.4477
   58.2500     3.3297     3.1088     3.4653
   58.5000     3.3554     3.1489     3.4884
   58.7500     3.3666     3.1543     3.5168
   59.0000     3.3820     3.1837     3.5652
   59.2500     3.4093     3.2032     3.6408
   59.5000     3.4093     3.2172     3.6621
   59.7500     3.4093     3.2172     3.6729
   60.0000     3.4093     3.2172     3.6729
