# depth_km vs_median_km_s vs_p16 vs_p84
    0.0000     1.7754     1.7726     1.7789
    0.2500     1.7754     1.7726     1.7789
    0.5000     1.7754     1.7726     1.7789
    0.7500     1.7754     1.7726     1.7789
    1.0000     1.7754     1.7726     1.7789
    1.2500     1.7754     1.7726     1.7789
    1.5000     1.7754     1.7726     1.7789
    1.7500     1.7758     1.7733     1.7805
    2.0000     3.2489     3.1552     3.3324
    2.2500     3.2489     3.1552     3.3324
    2.5000     3.2489     3.1552     3.3324
    2.7500     3.2489     3.1552     3.3324
    3.0000     3.2489     3.1552     3.3324
    3.2500     3.2489     3.1552     3.3324
    3.5000     3.2489     3.1552     3.3324
    3.7500     3.2489     3.1552     3.3324
    4.0000     3.2489     3.1552     3.3324
    4.2500     3.2489     3.1552     3.3324
    4.5000     3.2489     3.1552     3.3324
    4.7500     3.2489     3.1552     3.3324
    5.0000     3.2489     3.1552     3.3324
    5.2500     3.2489     3.1552     3.3324
    5.5000     3.2489     3.1552     3.3324
    5.7500     3.2278     2.5442     3.3324
    6.0000     2.5841     2.5128     2.7295
    6.2500     2.5833     2.5128     2.7248
    6.5000     2.5833     2.5128     2.7248
    6.7500     2.5833     2.5128     2.7248
    7.0000     2.5833     2.5128     2.7248
    7.2500     2.5833     2.5128     2.7248
    7.5000     2.5833     2.5128     2.7248
    7.7500     2.5833     2.5128     2.7248
    8.0000     2.5833     2.5128     2.7248
    8.2500     2.5833     2.5128     2.7248
    8.5000     2.5833     2.5128     2.7248
    8.7500     2.5833     2.5128     2.7248
    9.0000     2.5833     2.5128     2.7248
    9.2500     2.5833     2.5128     2.7248
    9.5000     2.5833     2.5128     2.7248
    9.7500     2.5833     2.5128     2.7248
   10.0000     2.5833     2.5128     2.7248
   10.2500     2.5833     2.5128     2.7248
   10.5000     2.5833     2.5128     2.7248
   10.7500     2.5833     2.5128     2.7248
   11.0000     2.5833     2.5128     2.7248
   11.2500     2.5833     2.5128     2.7248
   11.5000     2.5833     2.5128     2.7248
   11.7500     2.6344     2.5421     2.9927
   12.0000     2.8423     2.7485     2.9927
   12.2500     2.8427     2.7507     2.9927
   12.5000     2.8427     2.7507     2.9927
   12.7500     2.8427     2.7507     2.9927
   13.0000     2.8427     2.7507     2.9927
   13.2500     2.8427     2.7507     2.9927
   13.5000     2.8427     2.7507     2.9927
   13.7500     2.8427     2.7507     2.9927
   14.0000     2.8427     2.7507     2.9927
   14.2500     2.8427     2.7507     2.9927
   14.5000     2.8427     2.7507     2.9927
   14.7500     2.8427     2.7507     2.9927
   15.0000     2.8427     2.7507     2.9927
   15.2500     2.8427     2.7507     2.9927
   15.5000     2.8427     2.7507     2.9927
   15.7500     2.8427     2.7507     2.9927
   16.0000     2.8427     2.7507     2.9927
   16.2500     2.8427     2.7507     2.9927
   16.5000     2.8427     2.7507     2.9927
   16.7500     2.8427     2.7507     2.9927
   17.0000     2.8427     2.7507     2.9927
   17.2500     2.8427     2.7507     2.9927
   17.5000     2.8427     2.7507     2.9927
   17.7500     2.8427     2.7507     2.9927
   18.0000     2.8427     2.7507     2.9927
   18.2500     2.8427     2.7507     2.9927
   18.5000     2.8427     2.7507     2.9927
   18.7500     2.8427     2.7507     2.9927
   19.0000     2.8427     2.7507     2.9927
   19.2500     2.8427     2.7507     2.9927
   19.5000     2.8486     2.7507     3.0026
   19.7500     2.9164     2.8056     3.1940
   20.0000     3.1054     2.8660     3.1940
   20.2500     3.1108     2.9727     3.1940
   20.5000     3.1108     2.9727     3.1940
   20.7500     3.1108     2.9727     3.1940
   21.0000     3.1108     2.9727     3.1940
   21.2500     3.1108     2.9727     3.1940
   21.5000     3.1108     2.9727     3.1940
   21.7500     3.1108     2.9727     3.1940
   22.0000     3.1108     2.9727     3.1940
   22.2500     3.1108     2.9727     3.1940
   22.5000     3.1108     2.9727     3.1940
   22.7500     3.1108     2.9727     3.1940
   23.0000     3.1108     2.9727     3.1940
   23.2500     3.1108     2.9727     3.1940
   23.5000     3.1108     2.9727     3.1940
   23.7500     3.1108     2.9727     3.1940
   24.0000     3.1108     2.9727     3.1940
   24.2500     3.1108     2.9727     3.1940
   24.5000     3.1108     2.9727     3.1940
   24.7500     3.1108     2.9727     3.1940
   25.0000     3.1108     2.9727     3.1940
   25.2500     3.1108     2.9727     3.1940
   25.5000     3.1108     2.9727     3.1940
   25.7500     3.1108     2.9727     3.1940
   26.0000     3.1108     2.9727     3.1940
   26.2500     3.1108     2.9727     3.1940
   26.5000     3.1108     2.9727     3.1940
   26.7500     3.1108     2.9727     3.1940
   27.0000     3.1108     2.9727     3.1940
   27.2500     3.1108     2.9727     3.1940
   27.5000     3.1108     2.9727     3.1940
   27.7500     3.1108     2.9727     3.1940
   28.0000     3.1108     2.9727     3.1940
   28.2500     3.1108     2.9727     3.1940
   28.5000     3.1108     2.9727     3.1940
   28.7500     3.1108     2.9727     3.1940
   29.0000     3.1108     2.9727     3.1940
   29.2500     3.1108     2.9727     3.1940
   29.5000     3.1108     2.9727     3.2110
   29.7500     3.1396     2.9727     3.7894
   30.0000     3.5618     3.0724     3.7894
   30.2500     3.6412     3.4492     3.7950
   30.5000     3.6502     3.4842     3.7950
   30.7500     3.6502     3.4842     3.7950
   31.0000     3.6502     3.4842     3.7950
   31.2500     3.6502     3.4842     3.7950
   31.5000     3.6502     3.4842     3.7950
   31.7500     3.6502     3.4842     3.7950
   32.0000     3.6502     3.4842     3.7950
   32.2500     3.6502     3.4842     3.7950
   32.5000     3.6502     3.4842     3.7950
   32.7500     3.6502     3.4842     3.7950
   33.0000     3.6502     3.4842     3.7950
   33.2500     3.6502     3.4842     3.7950
   33.5000     3.6502     3.4842     3.7950
   33.7500     3.6502     3.4842     3.7950
   34.0000     3.6502     3.4842     3.7950
   34.2500     3.6502     3.4842     3.7950
   34.5000     3.6502     3.4842     3.7950
   34.7500     3.6502     3.4842     3.7950
   35.0000     3.6502     3.4842     3.7950
   35.2500     3.6502     3.4842     3.7950
   35.5000     3.6502     3.4842     3.7950
   35.7500     3.6502     3.4842     3.7950
   36.0000     3.6502     3.4842     3.7950
   36.2500     3.6502     3.4842     3.7950
   36.5000     3.6502     3.4842     3.7950
   36.7500     3.6502     3.4842     3.7950
   37.0000     3.6502     3.4842     3.7950
   37.2500     3.6502     3.4842     3.7950
   37.5000     3.6502     3.4842     3.7950
   37.7500     3.6502     3.4842     3.7950
   38.0000     3.6502     3.4842     3.7950
   38.2500     3.6502     3.4842     3.7950
   38.5000     3.6502     3.4842     3.7950
   38.7500     3.6502     3.4842     3.7950
   39.0000     3.6502     3.4842     3.7950
   39.2500     3.6502     3.4842     3.7950
   39.5000     3.6502     3.4842     3.7950
   39.7500     3.6502     3.4842     3.7950
   40.0000     3.6502     3.4842     3.7950
   40.2500     3.6502     3.4842     3.7950
   40.5000     3.6502     3.4842     3.7950
   40.7500     3.6502     3.4842     3.7950
   41.0000     3.6502     3.4842     3.7950
   41.2500     3.6502     3.4842     3.7950
   41.5000     3.6502     3.4842     3.7950
   41.7500     3.6502     3.4842     3.7950
   42.0000     3.6502     3.4842     3.7950
   42.2500     3.6502     3.4842     3.7950
   42.5000     3.6502     3.4842     3.7950
   42.7500     3.6502     3.4842     3.7950
   43.0000     3.6502     3.4842     3.7950
   43.2500     3.6502     3.4842     3.7950
   43.5000     3.6502     3.4842     3.7950
   43.7500     3.6502     3.4842     3.7950
   44.0000     3.6502     3.4842     3.7950
   44.2500     3.6502     3.4842     3.7950
   44.5000     3.6502     3.4842     3.7950
   44.7500     3.6502     3.4842     3.7950
   45.0000     3.6502     3.4842     3.7950
   45.2500     3.6502     3.4842     3.7950
   45.5000     3.6502     3.4842     3.7950
   45.7500     3.6502     3.4842     3.7950
   46.0000     3.6502     3.4842     3.7950
   46.2500     3.6502     3.4842     3.7950
   46.5000     3.6502     3.4842     3.7950
   46.7500     3.6502     3.4842     3.7950
   47.0000     3.6502     3.4842     3.7950
   47.2500     3.6502     3.4842     3.7950
   47.5000     3.6502     3.4842     3.7950
   47.7500     3.6502     3.4842     3.7950
   48.0000     3.6502     3.4842     3.7950
   48.2500     3.6502     3.4842     3.7950
   48.5000     3.6502     3.4842     3.7950
   48.7500     3.6502     3.4842     3.7950
   49.0000     3.6502     3.4842     3.7950
   49.2500     3.6502     3.4842     3.7950
   49.5000     3.6502     3.4842     3.7950
   49.7500     3.6502     3.4842     3.7950
   50.0000     3.6502     3.4842     3.7950
   50.2500     3.6502     3.4842     3.7950
   50.5000     3.6502     3.4842     3.7950
   50.7500     3.6502     3.4842     3.7950
   51.0000     3.6502     3.4842     3.7950
   51.2500     3.6502     3.4842     3.7950
   51.5000     3.6502     3.4842     3.7950
   51.7500     3.6502     3.4842     3.7950
   52.0000     3.6502     3.4842     3.7950
   52.2500     3.6502     3.4842     3.7950
   52.5000     3.6502     3.4842     3.7950
   52.7500     3.6502     3.4842     3.7950
   53.0000     3.6502     3.4842     3.7950
   53.2500     3.6502     3.4842     3.7950
   53.5000     3.6502     3.4842     3.7950
   53.7500     3.6502     3.4842     3.7950
   54.0000     3.6502     3.4842     3.7950
   54.2500     3.6502     3.4842     3.7950
   54.5000     3.6502     3.4842     3.7950
   54.7500     3.6502     3.4842     3.7950
   55.0000     3.6502     3.4842     3.7950
   55.2500     3.6502     3.4842     3.7950
   55.5000     3.6502     3.4842     3.7950
   55.7500     3.6502     3.4842     3.7950
   56.0000     3.6502     3.4842     3.7950
   56.2500     3.6502     3.4842     3.7950
   56.5000     3.6502     3.4842     3.7950
   56.7500     3.6502     3.4842     3.7950
   57.0000     3.6502     3.4842     3.7950
   57.2500     3.6502     3.4842     3.7950
   57.5000     3.6502     3.4842     3.7950
   57.7500     3.6502     3.4842     3.7950
   58.0000     3.6502     3.4842     3.7950
   58.2500     3.6502     3.4842     3.7950
   58.5000     3.6502     3.4842     3.7950
   58.7500     3.6502     3.4842     3.7950
   59.0000     3.6503     3.4842     3.7950
   59.2500     3.6990     3.4842     4.0516
   59.5000     3.7744     3.4842     4.1277
   59.7500     4.0284     3.5843     4.3278
   60.0000     4.0352     3.6458     4.3278
