# depth_km vs_median_km_s vs_p16 vs_p84
    0.0000     1.8375     1.8318     1.8447
    0.2500     1.8375     1.8318     1.8447
    0.5000     1.8375     1.8318     1.8447
    0.7500     1.8375     1.8318     1.8447
    1.0000     1.8375     1.8318     1.8447
    1.2500     1.8375     1.8318     1.8447
    1.5000     1.8375     1.8318     1.8447
    1.7500     2.9075     2.8353     3.0272
    2.0000     2.9167     2.8463     3.0370
    2.2500     2.9167     2.8463     3.0370
    2.5000     2.9167     2.8463     3.0370
    2.7500     2.9167     2.8463     3.0370
    3.0000     2.9167     2.8463     3.0370
    3.2500     2.9167     2.8463     3.0370
    3.5000     2.9167     2.8463     3.0370
    3.7500     2.9167     2.8463     3.0370
    4.0000     2.9167     2.8463     3.0370
    4.2500     2.9167     2.8463     3.0370
    4.5000     2.9167     2.8463     3.0370
    4.7500     2.9167     2.8463     3.0370
    5.0000     2.9167     2.8463     3.0370
    5.2500     2.9167     2.8463     3.0370
    5.5000     2.9166     2.8355     3.0370
    5.7500     2.8588     2.7019     2.9024
    6.0000     2.8318     2.6497     2.8830
    6.2500     2.8318     2.6497     2.8830
    6.5000     2.8318     2.6497     2.8830
    6.7500     2.8318     2.6497     2.8830
    7.0000     2.8318     2.6497     2.8830
    7.2500     2.8318     2.6497     2.8830
    7.5000     2.8318     2.6497     2.8830
    7.7500     2.8318     2.6497     2.8830
    8.0000     2.8318     2.6497     2.8830
    8.2500     2.8318     2.6497     2.8830
    8.5000     2.8318     2.6497     2.8830
    8.7500     2.8318     2.6497     2.8830
    9.0000     2.8318     2.6497     2.8830
    9.2500     2.8318     2.6497     2.8830
    9.5000     2.8318     2.6497     2.8830
    9.7500     2.8318     2.6497     2.8830
   10.0000     2.8318     2.6497     2.8830
   10.2500     2.8318     2.6497     2.8830
   10.5000     2.8318     2.6497     2.8830
   10.7500     2.8318     2.6497     2.8830
   11.0000     2.8318     2.6497     2.8830
   11.2500     2.8318     2.6497     2.8830
   11.5000     2.8520     2.6497     3.1706
   11.7500     3.0703     2.8295     3.1792
   12.0000     3.0703     2.8510     3.1792
   12.2500     3.0703     2.8510     3.1792
   12.5000     3.0703     2.8510     3.1792
   12.7500     3.0703     2.8510     3.1792
   13.0000     3.0703     2.8510     3.1792
   13.2500     3.0703     2.8510     3.1792
   13.5000     3.0703     2.8510     3.1792
   13.7500     3.0703     2.8510     3.1792
   14.0000     3.0703     2.8510     3.1792
   14.2500     3.0703     2.8510     3.1792
   14.5000     3.0703     2.8510     3.1792
   14.7500     3.0703     2.8510     3.1792
   15.0000     3.0703     2.8510     3.1792
   15.2500     3.0703     2.8510     3.1792
   15.5000     3.0703     2.8510     3.1792
   15.7500     3.0703     2.8510     3.1792
   16.0000     3.0703     2.8510     3.1792
   16.2500     3.0703     2.8510     3.1792
   16.5000     3.0703     2.8510     3.1792
   16.7500     3.0703     2.8510     3.1792
   17.0000     3.0703     2.8510     3.1792
   17.2500     3.0703     2.8510     3.1792
   17.5000     3.0703     2.8510     3.1792
   17.7500     3.0703     2.8510     3.1792
   18.0000     3.0703     2.8510     3.1792
   18.2500     3.0703     2.8510     3.1792
   18.5000     3.0703     2.8510     3.1792
   18.7500     3.0703     2.8510     3.1792
   19.0000     3.0703     2.8510     3.1792
   19.2500     3.0753     2.8510     3.1917
   19.5000     3.1673     2.8510     3.3865
   19.7500     3.2235     2.9004     3.3865
   20.0000     3.2759     3.0348     3.3865
   20.2500     3.2759     3.0655     3.3865
   20.5000     3.2759     3.0655     3.3865
   20.7500     3.2759     3.0655     3.3865
   21.0000     3.2759     3.0655     3.3865
   21.2500     3.2759     3.0655     3.3865
   21.5000     3.2759     3.0655     3.3865
   21.7500     3.2759     3.0655     3.3865
   22.0000     3.2759     3.0655     3.3865
   22.2500     3.2759     3.0655     3.3865
   22.5000     3.2759     3.0655     3.3865
   22.7500     3.2759     3.0655     3.3865
   23.0000     3.2759     3.0655     3.3865
   23.2500     3.2759     3.0655     3.3865
   23.5000     3.2759     3.0655     3.3865
   23.7500     3.2759     3.0655     3.3865
   24.0000     3.2759     3.0655     3.3865
   24.2500     3.2759     3.0655     3.3865
   24.5000     3.2759     3.0655     3.3865
   24.7500     3.2759     3.0655     3.3865
   25.0000     3.2759     3.0655     3.3865
   25.2500     3.2759     3.0655     3.3865
   25.5000     3.2759     3.0655     3.3865
   25.7500     3.2759     3.0655     3.3865
   26.0000     3.2759     3.0655     3.3865
   26.2500     3.2759     3.0655     3.3865
   26.5000     3.2759     3.0655     3.3865
   26.7500     3.2759     3.0655     3.3865
   27.0000     3.2759     3.0655     3.3865
   27.2500     3.2759     3.0655     3.3865
   27.5000     3.2759     3.0655     3.3865
   27.7500     3.2759     3.0655     3.3865
   28.0000     3.2759     3.0655     3.3865
   28.2500     3.2759     3.0655     3.3865
   28.5000     3.2759     3.0655     3.3865
   28.7500     3.2759     3.0655     3.3865
   29.0000     3.2759     3.0655     3.3865
   29.2500     3.2759     3.0655     3.5796
   29.5000     3.2796     3.0655     3.6521
   29.7500     3.4596     3.0655     3.6581
   30.0000     3.4968     3.3363     3.6581
   30.2500     3.5473     3.4164     3.6692
   30.5000     3.5473     3.4164     3.6692
   30.7500     3.5473     3.4164     3.6692
   31.0000     3.5473     3.4164     3.6692
   31.2500     3.5473     3.4164     3.6692
   31.5000     3.5473     3.4164     3.6692
   31.7500     3.5473     3.4164     3.6692
   32.0000     3.5473     3.4164     3.6692
   32.2500     3.5473     3.4164     3.6692
   32.5000     3.5473     3.4164     3.6692
   32.7500     3.5473     3.4164     3.6692
   33.0000     3.5473     3.4164     3.6692
   33.2500     3.5473     3.4164     3.6692
   33.5000     3.5473     3.4164     3.6692
   33.7500     3.5473     3.4164     3.6692
   34.0000     3.5473     3.4164     3.6692
   34.2500     3.5473     3.4164     3.6692
   34.5000     3.5473     3.4164     3.6692
   34.7500     3.5473     3.4164     3.6692
   35.0000     3.5473     3.4164     3.6692
   35.2500     3.5473     3.4164     3.6692
   35.5000     3.5473     3.4164     3.6692
   35.7500     3.5473     3.4164     3.6692
   36.0000     3.5473     3.4164     3.6692
   36.2500     3.5473     3.4164     3.6692
   36.5000     3.5473     3.4164     3.6692
   36.7500     3.5473     3.4164     3.6692
   37.0000     3.5473     3.4164     3.6692
   37.2500     3.5473     3.4164     3.6692
   37.5000     3.5473     3.4164     3.6692
   37.7500     3.5473     3.4164     3.6692
   38.0000     3.5473     3.4164     3.6692
   38.2500     3.5473     3.4164     3.6692
   38.5000     3.5473     3.4164     3.6692
   38.7500     3.5473     3.4164     3.6692
   39.0000     3.5473     3.4164     3.6692
   39.2500     3.5473     3.4164     3.6692
   39.5000     3.5473     3.4164     3.6692
   39.7500     3.5473     3.4164     3.6692
   40.0000     3.5473     3.4164     3.6692
   40.2500     3.5473     3.4164     3.6692
   40.5000     3.5473     3.4164     3.6692
   40.7500     3.5473     3.4164     3.6692
   41.0000     3.5473     3.4164     3.6692
   41.2500     3.5473     3.4164     3.6692
   41.5000     3.5473     3.4164     3.6692
   41.7500     3.5473     3.4164     3.6692
   42.0000     3.5473     3.4164     3.6692
   42.2500     3.5473     3.4164     3.6692
   42.5000     3.5473     3.4164     3.6692
   42.7500     3.5473     3.4164     3.6692
   43.0000     3.5473     3.4164     3.6692
   43.2500     3.5473     3.4164     3.6692
   43.5000     3.5473     3.4164     3.6692
   43.7500     3.5473     3.4164     3.6692
   44.0000     3.5473     3.4164     3.6692
   44.2500     3.5473     3.4164     3.6692
   44.5000     3.5473     3.4164     3.6692
   44.7500     3.5473     3.4164     3.6692
   45.0000     3.5473     3.4164     3.6692
   45.2500     3.5473     3.4164     3.6692
   45.5000     3.5473     3.4164     3.6692
   45.7500     3.5473     3.4164     3.6692
   46.0000     3.5473     3.4164     3.6692
   46.2500     3.5473     3.4164     3.6692
   46.5000     3.5473     3.4164     3.6692
   46.7500     3.5473     3.4164     3.6692
   47.0000     3.5473     3.4164     3.6692
   47.2500     3.5473     3.4164     3.6692
   47.5000     3.5473     3.4164     3.6692
   47.7500     3.5473     3.4164     3.6692
   48.0000     3.5473     3.4164     3.6692
   48.2500     3.5473     3.4164     3.6692
   48.5000     3.5473     3.4164     3.6692
   48.7500     3.5473     3.4164     3.6692
   49.0000     3.5473     3.4164     3.6692
   49.2500     3.5473     3.4164     3.6692
   49.5000     3.5473     3.4164     3.6692
   49.7500     3.5473     3.4164     3.6692
   50.0000     3.5473     3.4164     3.6692
   50.2500     3.5473     3.4164     3.6692
   50.5000     3.5473     3.4164     3.6692
   50.7500     3.5473     3.4164     3.6692
   51.0000     3.5473     3.4164     3.6692
   51.2500     3.5473     3.4164     3.6692
   51.5000     3.5473     3.4164     3.6692
   51.7500     3.5473     3.4164     3.6692
   52.0000     3.5473     3.4164     3.6692
   52.2500     3.5473     3.4164     3.6692
   52.5000     3.5473     3.4164     3.6692
   52.7500     3.5473     3.4164     3.6692
   53.0000     3.5473     3.4164     3.6692
   53.2500     3.5473     3.4164     3.6692
   53.5000     3.5473     3.4164     3.6692
   53.7500     3.5473     3.4164     3.6692
   54.0000     3.5473     3.4164     3.6692
   54.2500     3.5473     3.4164     3.6692
   54.5000     3.5473     3.4164     3.6692
   54.7500     3.5473     3.4164     3.6692
   55.0000     3.5473     3.4164     3.6692
   55.2500     3.5473     3.4164     3.6692
   55.5000     3.5473     3.4164     3.6692
   55.7500     3.5473     3.4164     3.6692
   56.0000     3.5473     3.4164     3.6692
   56.2500     3.5473     3.4164     3.6692
   56.5000     3.5473     3.4164     3.6692
   56.7500     3.5473     3.4164     3.6692
   57.0000     3.5473     3.4164     3.6692
   57.2500     3.5473     3.4164     3.6692
   57.5000     3.5473     3.4164     3.6692
   57.7500     3.5473     3.4164     3.6692
   58.0000     3.5473     3.4164     3.6692
   58.2500     3.5473     3.4164     3.6692
   58.5000     3.5473     3.4164     3.6692
   58.7500     3.5484     3.4165     3.6696
   59.0000     3.5811     3.4467     3.8563
   59.2500     3.6172     3.4481     3.9566
   59.5000     3.6885     3.4889     4.0039
   59.7500     3.8953     3.5396     4.0455
   60.0000     3.9583     3.5748     4.0981
