# depth_km vs_median_km_s vs_p16 vs_p84
    0.0000     1.7965     1.7859     1.8091
    0.2500     1.7965     1.7859     1.8091
    0.5000     1.7965     1.7859     1.8091
    0.7500     1.7965     1.7859     1.8091
    1.0000     1.7965     1.7859     1.8091
    1.2500     1.7965     1.7859     1.8091
    1.5000     1.7965     1.7859     1.8091
    1.7500     1.7965     1.7859     1.8091
    2.0000     2.5915     2.5493     2.6189
    2.2500     2.5915     2.5493     2.6189
    2.5000     2.5915     2.5493     2.6189
    2.7500     2.5915     2.5493     2.6189
    3.0000     2.5915     2.5493     2.6189
    3.2500     2.5915     2.5493     2.6189
    3.5000     2.5915     2.5493     2.6189
    3.7500     2.5915     2.5493     2.6189
    4.0000     2.5915     2.5493     2.6189
    4.2500     2.5915     2.5493     2.6189
    4.5000     2.5915     2.5493     2.6189
    4.7500     2.5915     2.5493     2.6189
    5.0000     2.5915     2.5493     2.6189
    5.2500     2.5915     2.5493     2.6189
    5.5000     2.5915     2.5493     2.6189
    5.7500     2.5930     2.5493     2.7049
    6.0000     2.6919     2.5691     2.7207
    6.2500     2.6950     2.5689     2.7232
    6.5000     2.6950     2.5689     2.7232
    6.7500     2.6950     2.5689     2.7232
    7.0000     2.6950     2.5689     2.7232
    7.2500     2.6950     2.5689     2.7232
    7.5000     2.6950     2.5689     2.7232
    7.7500     2.6950     2.5689     2.7232
    8.0000     2.6950     2.5689     2.7232
    8.2500     2.6950     2.5689     2.7232
    8.5000     2.6950     2.5689     2.7232
    8.7500     2.6950     2.5689     2.7232
    9.0000     2.6950     2.5689     2.7232
    9.2500     2.6950     2.5689     2.7232
    9.5000     2.6950     2.5689     2.7232
    9.7500     2.6950     2.5689     2.7232
   10.0000     2.6950     2.5689     2.7232
   10.2500     2.6950     2.5689     2.7232
   10.5000     2.6950     2.5689     2.7232
   10.7500     2.6950     2.5689     2.7232
   11.0000     2.6950     2.5689     2.7232
   11.2500     2.6950     2.5689     2.7232
   11.5000     2.6950     2.5689     2.7232
   11.7500     2.6950     2.5689     3.0623
   12.0000     3.0135     2.6273     3.0674
   12.2500     3.0135     2.7834     3.0674
   12.5000     3.0135     2.7834     3.0674
   12.7500     3.0135     2.7834     3.0674
   13.0000     3.0135     2.7834     3.0674
   13.2500     3.0135     2.7834     3.0674
   13.5000     3.0135     2.7834     3.0674
   13.7500     3.0135     2.7834     3.0674
   14.0000     3.0135     2.7834     3.0674
   14.2500     3.0135     2.7834     3.0674
   14.5000     3.0135     2.7834     3.0674
   14.7500     3.0135     2.7834     3.0674
   15.0000     3.0135     2.7834     3.0674
   15.2500     3.0135     2.7834     3.0674
   15.5000     3.0135     2.7834     3.0674
   15.7500     3.0135     2.7834     3.0674
   16.0000     3.0135     2.7834     3.0674
   16.2500     3.0135     2.7834     3.0674
   16.5000     3.0135     2.7834     3.0674
   16.7500     3.0135     2.7834     3.0674
   17.0000     3.0135     2.7834     3.0674
   17.2500     3.0135     2.7834     3.0674
   17.5000     3.0135     2.7834     3.0674
   17.7500     3.0135     2.7834     3.0674
   18.0000     3.0135     2.7834     3.0674
   18.2500     3.0135     2.7834     3.0674
   18.5000     3.0135     2.7834     3.0674
   18.7500     3.0135     2.7834     3.0674
   19.0000     3.0135     2.7834     3.0674
   19.2500     3.0135     2.7834     3.0674
   19.5000     3.0135     2.7834     3.0773
   19.7500     3.0344     2.7834     3.2543
   20.0000     3.0463     2.7834     3.2557
   20.2500     3.1871     2.9365     3.2557
   20.5000     3.1871     2.9685     3.2557
   20.7500     3.1871     2.9685     3.2557
   21.0000     3.1871     2.9685     3.2557
   21.2500     3.1871     2.9685     3.2557
   21.5000     3.1871     2.9685     3.2557
   21.7500     3.1871     2.9685     3.2557
   22.0000     3.1871     2.9685     3.2557
   22.2500     3.1871     2.9685     3.2557
   22.5000     3.1871     2.9685     3.2557
   22.7500     3.1871     2.9685     3.2557
   23.0000     3.1871     2.9685     3.2557
   23.2500     3.1871     2.9685     3.2557
   23.5000     3.1871     2.9685     3.2557
   23.7500     3.1871     2.9685     3.2557
   24.0000     3.1871     2.9685     3.2557
   24.2500     3.1871     2.9685     3.2557
   24.5000     3.1871     2.9685     3.2557
   24.7500     3.1871     2.9685     3.2557
   25.0000     3.1871     2.9685     3.2557
   25.2500     3.1871     2.9685     3.2557
   25.5000     3.1871     2.9685     3.2557
   25.7500     3.1871     2.9685     3.2557
   26.0000     3.1871     2.9685     3.2557
   26.2500     3.1871     2.9685     3.2557
   26.5000     3.1871     2.9685     3.2557
   26.7500     3.1871     2.9685     3.2557
   27.0000     3.1871     2.9685     3.2557
   27.2500     3.1871     2.9685     3.2557
   27.5000     3.1871     2.9685     3.2557
   27.7500     3.1871     2.9685     3.2557
   28.0000     3.1871     2.9685     3.2557
   28.2500     3.1871     2.9685     3.2557
   28.5000     3.1871     2.9685     3.2557
   28.7500     3.1871     2.9685     3.2557
   29.0000     3.1871     2.9685     3.2557
   29.2500     3.1871     2.9685     3.2557
   29.5000     3.1930     2.9685     3.2609
   29.7500     3.2143     2.9685     3.4006
   30.0000     3.3799     2.9685     3.4953
   30.2500     3.3842     2.9685     3.4953
   30.5000     3.3907     3.1483     3.4953
   30.7500     3.3961     3.2858     3.4953
   31.0000     3.3961     3.2858     3.4953
   31.2500     3.3961     3.2858     3.4953
   31.5000     3.3961     3.2858     3.4953
   31.7500     3.3961     3.2858     3.4953
   32.0000     3.3961     3.2858     3.4953
   32.2500     3.3961     3.2858     3.4953
   32.5000     3.3961     3.2858     3.4953
   32.7500     3.3961     3.2858     3.4953
   33.0000     3.3961     3.2858     3.4953
   33.2500     3.3961     3.2858     3.4953
   33.5000     3.3961     3.2858     3.4953
   33.7500     3.3961     3.2858     3.4953
   34.0000     3.3961     3.2858     3.4953
   34.2500     3.3961     3.2858     3.4953
   34.5000     3.3961     3.2858     3.4953
   34.7500     3.3961     3.2858     3.4953
   35.0000     3.3961     3.2858     3.4953
   35.2500     3.3961     3.2858     3.4953
   35.5000     3.3961     3.2858     3.4953
   35.7500     3.3961     3.2858     3.4953
   36.0000     3.3961     3.2858     3.4953
   36.2500     3.3961     3.2858     3.4953
   36.5000     3.3961     3.2858     3.4953
   36.7500     3.3961     3.2858     3.4953
   37.0000     3.3961     3.2858     3.4953
   37.2500     3.3961     3.2858     3.4953
   37.5000     3.3961     3.2858     3.4953
   37.7500     3.3961     3.2858     3.4953
   38.0000     3.3961     3.2858     3.4953
   38.2500     3.3961     3.2858     3.4953
   38.5000     3.3961     3.2858     3.4953
   38.7500     3.3961     3.2858     3.4953
   39.0000     3.3961     3.2858     3.4953
   39.2500     3.3961     3.2858     3.4953
   39.5000     3.3961     3.2858     3.4953
   39.7500     3.3961     3.2858     3.4953
   40.0000     3.3961     3.2858     3.4953
   40.2500     3.3961     3.2858     3.4953
   40.5000     3.3961     3.2858     3.4953
   40.7500     3.3961     3.2858     3.4953
   41.0000     3.3961     3.2858     3.4953
   41.2500     3.3961     3.2858     3.4953
   41.5000     3.3961     3.2858     3.4953
   41.7500     3.3961     3.2858     3.4953
   42.0000     3.3961     3.2858     3.4953
   42.2500     3.3961     3.2858     3.4953
   42.5000     3.3961     3.2858     3.4953
   42.7500     3.3961     3.2858     3.4953
   43.0000     3.3961     3.2858     3.4953
   43.2500     3.3961     3.2858     3.4953
   43.5000     3.3961     3.2858     3.4953
   43.7500     3.3961     3.2858     3.4953
   44.0000     3.3961     3.2858     3.4953
   44.2500     3.3961     3.2858     3.4953
   44.5000     3.3961     3.2858     3.4953
   44.7500     3.3961     3.2858     3.4953
   45.0000     3.3961     3.2858     3.4953
   45.2500     3.3961     3.2858     3.4953
   45.5000     3.3961     3.2858     3.4953
   45.7500     3.3961     3.2858     3.4953
   46.0000     3.3961     3.2858     3.4953
   46.2500     3.3961     3.2858     3.4953
   46.5000     3.3961     3.2858     3.4953
   46.7500     3.3961     3.2858     3.4953
   47.0000     3.3961     3.2858     3.4953
   47.2500     3.3961     3.2858     3.4953
   47.5000     3.3961     3.2858     3.4953
   47.7500     3.3961     3.2858     3.4953
   48.0000     3.3961     3.2858     3.4953
   48.2500     3.3961     3.2858     3.4953
   48.5000     3.3961     3.2858     3.4953
   48.7500     3.3961     3.2858     3.4953
   49.0000     3.3961     3.2858     3.4953
   49.2500     3.3961     3.2858     3.4953
   49.5000     3.3961     3.2858     3.4953
   49.7500     3.3961     3.2858     3.4953
   50.0000     3.3961     3.2858     3.4953
   50.2500     3.3961     3.2858     3.4953
   50.5000     3.3961     3.2858     3.4953
   50.7500     3.3961     3.2858     3.4953
   51.0000     3.3961     3.2858     3.4953
   51.2500     3.3961     3.2858     3.4953
   51.5000     3.3961     3.2858     3.4953
   51.7500     3.3961     3.2858     3.4953
   52.0000     3.3961     3.2858     3.4953
   52.2500     3.3961     3.2858     3.4953
   52.5000     3.3961     3.2858     3.4953
   52.7500     3.3961     3.2858     3.4953
   53.0000     3.3961     3.2858     3.4953
   53.2500     3.3961     3.2858     3.4953
   53.5000     3.3961     3.2858     3.4953
   53.7500     3.3961     3.2858     3.4953
   54.0000     3.3961     3.2858     3.4953
   54.2500     3.3961     3.2858     3.4953
   54.5000     3.3961     3.2858     3.4953
   54.7500     3.3961     3.2858     3.4953
   55.0000     3.3961     3.2858     3.4953
   55.2500     3.3961     3.2858     3.4953
   55.5000     3.3961     3.2858     3.4953
   55.7500     3.3961     3.2858     3.4953
   56.0000     3.3961     3.2858     3.4953
   56.2500     3.3961     3.2858     3.4953
   56.5000     3.3961     3.2858     3.4953
   56.7500     3.3961     3.2858     3.4953
   57.0000     3.3961     3.2858     3.4953
   57.2500     3.3961     3.2858     3.4953
   57.5000     3.3961     3.2858     3.4953
   57.7500     3.3961     3.2858     3.4953
   58.0000     3.3961     3.2858     3.4953
   58.2500     3.3961     3.2858     3.4953
   58.5000     3.3961     3.2858     3.4953
   58.7500     3.4129     3.2903     3.5373
   59.0000     3.4167     3.2903     3.5553
   59.2500     3.4190     3.2903     3.5574
   59.5000     3.5401     3.2906     3.7645
   59.7500     3.6127     3.3355     3.8063
   60.0000     3.6127     3.4003     3.8063
