# depth_km vs_median_km_s vs_p16 vs_p84
    0.0000     1.8401     1.8347     1.8502
    0.2500     1.8401     1.8347     1.8502
    0.5000     1.8401     1.8347     1.8502
    0.7500     1.8401     1.8347     1.8502
    1.0000     1.8401     1.8347     1.8502
    1.2500     1.8401     1.8347     1.8502
    1.5000     1.8401     1.8347     1.8502
    1.7500     2.7468     1.8517     2.7764
    2.0000     2.7538     2.7298     2.7771
    2.2500     2.7538     2.7298     2.7771
    2.5000     2.7538     2.7298     2.7771
    2.7500     2.7538     2.7298     2.7771
    3.0000     2.7538     2.7298     2.7771
    3.2500     2.7538     2.7298     2.7771
    3.5000     2.7538     2.7298     2.7771
    3.7500     2.7538     2.7298     2.7771
    4.0000     2.7538     2.7298     2.7771
    4.2500     2.7538     2.7298     2.7771
    4.5000     2.7538     2.7298     2.7771
    4.7500     2.7538     2.7298     2.7771
    5.0000     2.7538     2.7298     2.7771
    5.2500     2.7538     2.7298     2.7771
    5.5000     2.7578     2.7331     2.7882
    5.7500     2.8907     2.7434     2.9368
    6.0000     2.8978     2.8244     2.9368
    6.2500     2.8978     2.8244     2.9368
    6.5000     2.8978     2.8244     2.9368
    6.7500     2.8978     2.8244     2.9368
    7.0000     2.8978     2.8244     2.9368
    7.2500     2.8978     2.8244     2.9368
    7.5000     2.8978     2.8244     2.9368
    7.7500     2.8978     2.8244     2.9368
    8.0000     2.8978     2.8244     2.9368
    8.2500     2.8978     2.8244     2.9368
    8.5000     2.8978     2.8244     2.9368
    8.7500     2.8978     2.8244     2.9368
    9.0000     2.8978     2.8244     2.9368
    9.2500     2.8978     2.8244     2.9368
    9.5000     2.8978     2.8244     2.9368
    9.7500     2.8978     2.8244     2.9368
   10.0000     2.8978     2.8244     2.9368
   10.2500     2.8978     2.8244     2.9368
   10.5000     2.8978     2.8244     2.9368
   10.7500     2.8978     2.8244     2.9368
   11.0000     2.8978     2.8244     2.9368
   11.2500     2.8978     2.8244     2.9368
   11.5000     2.9018     2.8244     2.9662
   11.7500     3.1310     2.8482     3.2296
   12.0000     3.1568     3.0825     3.2296
   12.2500     3.1568     3.0825     3.2296
   12.5000     3.1568     3.0825     3.2296
   12.7500     3.1568     3.0825     3.2296
   13.0000     3.1568     3.0825     3.2296
   13.2500     3.1568     3.0825     3.2296
   13.5000     3.1568     3.0825     3.2296
   13.7500     3.1568     3.0825     3.2296
   14.0000     3.1568     3.0825     3.2296
   14.2500     3.1568     3.0825     3.2296
   14.5000     3.1568     3.0825     3.2296
   14.7500     3.1568     3.0825     3.2296
   15.0000     3.1568     3.0825     3.2296
   15.2500     3.1568     3.0825     3.2296
   15.5000     3.1568     3.0825     3.2296
   15.7500     3.1568     3.0825     3.2296
   16.0000     3.1568     3.0825     3.2296
   16.2500     3.1568     3.0825     3.2296
   16.5000     3.1568     3.0825     3.2296
   16.7500     3.1568     3.0825     3.2296
   17.0000     3.1568     3.0825     3.2296
   17.2500     3.1568     3.0825     3.2296
   17.5000     3.1568     3.0825     3.2296
   17.7500     3.1568     3.0825     3.2296
   18.0000     3.1568     3.0825     3.2296
   18.2500     3.1568     3.0825     3.2296
   18.5000     3.1568     3.0825     3.2296
   18.7500     3.1568     3.0825     3.2296
   19.0000     3.1568     3.0825     3.2296
   19.2500     3.1570     3.0825     3.2296
   19.5000     3.1640     3.0825     3.2361
   19.7500     3.1693     3.0809     3.2514
   20.0000     3.1714     3.0762     3.2638
   20.2500     3.1734     3.0762     3.2738
   20.5000     3.1734     3.0798     3.2738
   20.7500     3.1734     3.0798     3.2738
   21.0000     3.1734     3.0798     3.2738
   21.2500     3.1734     3.0798     3.2738
   21.5000     3.1734     3.0798     3.2738
   21.7500     3.1734     3.0798     3.2738
   22.0000     3.1734     3.0798     3.2738
   22.2500     3.1734     3.0798     3.2738
   22.5000     3.1734     3.0798     3.2738
   22.7500     3.1734     3.0798     3.2738
   23.0000     3.1734     3.0798     3.2738
   23.2500     3.1734     3.0798     3.2738
   23.5000     3.1734     3.0798     3.2738
   23.7500     3.1734     3.0798     3.2738
   24.0000     3.1734     3.0798     3.2738
   24.2500     3.1734     3.0798     3.2738
   24.5000     3.1734     3.0798     3.2738
   24.7500     3.1734     3.0798     3.2738
   25.0000     3.1734     3.0798     3.2738
   25.2500     3.1734     3.0798     3.2738
   25.5000     3.1734     3.0798     3.2738
   25.7500     3.1734     3.0798     3.2738
   26.0000     3.1734     3.0798     3.2738
   26.2500     3.1734     3.0798     3.2738
   26.5000     3.1734     3.0798     3.2738
   26.7500     3.1734     3.0798     3.2738
   27.0000     3.1734     3.0798     3.2738
   27.2500     3.1734     3.0798     3.2738
   27.5000     3.1734     3.0798     3.2738
   27.7500     3.1734     3.0798     3.2738
   28.0000     3.1734     3.0798     3.2738
   28.2500     3.1734     3.0798     3.2738
   28.5000     3.1734     3.0798     3.2738
   28.7500     3.1734     3.0798     3.2738
   29.0000     3.1734     3.0798     3.2738
   29.2500     3.1713     3.0798     3.2738
   29.5000     3.1694     3.0798     3.2792
   29.7500     3.1694     3.0798     3.2899
   30.0000     3.1821     3.0798     3.3001
   30.2500     3.1821     3.0886     3.3001
   30.5000     3.1831     3.0977     3.3001
   30.7500     3.1837     3.0977     3.3001
   31.0000     3.1837     3.0977     3.3001
   31.2500     3.1837     3.0977     3.3001
   31.5000     3.1837     3.0977     3.3001
   31.7500     3.1837     3.0977     3.3001
   32.0000     3.1837     3.0977     3.3001
   32.2500     3.1837     3.0977     3.3001
   32.5000     3.1837     3.0977     3.3001
   32.7500     3.1837     3.0977     3.3001
   33.0000     3.1837     3.0977     3.3001
   33.2500     3.1837     3.0977     3.3001
   33.5000     3.1837     3.0977     3.3001
   33.7500     3.1837     3.0977     3.3001
   34.0000     3.1837     3.0977     3.3001
   34.2500     3.1837     3.0977     3.3001
   34.5000     3.1837     3.0977     3.3001
   34.7500     3.1837     3.0977     3.3001
   35.0000     3.1837     3.0977     3.3001
   35.2500     3.1837     3.0977     3.3001
   35.5000     3.1837     3.0977     3.3001
   35.7500     3.1837     3.0977     3.3001
   36.0000     3.1837     3.0977     3.3001
   36.2500     3.1837     3.0977     3.3001
   36.5000     3.1837     3.0977     3.3001
   36.7500     3.1837     3.0977     3.3001
   37.0000     3.1837     3.0977     3.3001
   37.2500     3.1837     3.0977     3.3001
   37.5000     3.1837     3.0977     3.3001
   37.7500     3.1837     3.0977     3.3001
   38.0000     3.1837     3.0977     3.3001
   38.2500     3.1837     3.0977     3.3001
   38.5000     3.1837     3.0977     3.3001
   38.7500     3.1837     3.0977     3.3001
   39.0000     3.1837     3.0977     3.3001
   39.2500     3.1837     3.0977     3.3001
   39.5000     3.1837     3.0977     3.3001
   39.7500     3.1837     3.0977     3.3001
   40.0000     3.1837     3.0977     3.3001
   40.2500     3.1837     3.0977     3.3001
   40.5000     3.1837     3.0977     3.3001
   40.7500     3.1837     3.0977     3.3001
   41.0000     3.1837     3.0977     3.3001
   41.2500     3.1837     3.0977     3.3001
   41.5000     3.1837     3.0977     3.3001
   41.7500     3.1837     3.0977     3.3001
   42.0000     3.1837     3.0977     3.3001
   42.2500     3.1837     3.0977     3.3001
   42.5000     3.1837     3.0977     3.3001
   42.7500     3.1837     3.0977     3.3001
   43.0000     3.1837     3.0977     3.3001
   43.2500     3.1837     3.0977     3.3001
   43.5000     3.1837     3.0977     3.3001
   43.7500     3.1837     3.0977     3.3001
   44.0000     3.1837     3.0977     3.3001
   44.2500     3.1837     3.0977     3.3001
   44.5000     3.1837     3.0977     3.3001
   44.7500     3.1837     3.0977     3.3001
   45.0000     3.1837     3.0977     3.3001
   45.2500     3.1837     3.0977     3.3001
   45.5000     3.1837     3.0977     3.3001
   45.7500     3.1837     3.0977     3.3001
   46.0000     3.1837     3.0977     3.3001
   46.2500     3.1837     3.0977     3.3001
   46.5000     3.1837     3.0977     3.3001
   46.7500     3.1837     3.0977     3.3001
   47.0000     3.1837     3.0977     3.3001
   47.2500     3.1837     3.0977     3.3001
   47.5000     3.1837     3.0977     3.3001
   47.7500     3.1837     3.0977     3.3001
   48.0000     3.1837     3.0977     3.3001
   48.2500     3.1837     3.0977     3.3001
   48.5000     3.1837     3.0977     3.3001
   48.7500     3.1837     3.0977     3.3001
   49.0000     3.1837     3.0977     3.3001
   49.2500     3.1837     3.0977     3.3001
   49.5000     3.1837     3.0977     3.3001
   49.7500     3.1837     3.0977     3.3001
   50.0000     3.1837     3.0977     3.3001
   50.2500     3.1837     3.0977     3.3001
   50.5000     3.1837     3.0977     3.3001
   50.7500     3.1837     3.0977     3.3001
   51.0000     3.1837     3.0977     3.3001
   51.2500     3.1837     3.0977     3.3001
   51.5000     3.1837     3.0977     3.3001
   51.7500     3.1837     3.0977     3.3001
   52.0000     3.1837     3.0977     3.3001
   52.2500     3.1837     3.0977     3.3001
   52.5000     3.1837     3.0977     3.3001
   52.7500     3.1837     3.0977     3.3001
   53.0000     3.1837     3.0977     3.3001
   53.2500     3.1837     3.0977     3.3001
   53.5000     3.1837     3.0977     3.3001
   53.7500     3.1837     3.0977     3.3001
   54.0000     3.1837     3.0977     3.3001
   54.2500     3.1837     3.0977     3.3001
   54.5000     3.1837     3.0977     3.3001
   54.7500     3.1837     3.0977     3.3001
   55.0000     3.1837     3.0977     3.3001
   55.2500     3.1837     3.0977     3.3001
   55.5000     3.1837     3.0977     3.3001
   55.7500     3.1837     3.0977     3.3001
   56.0000     3.1837     3.0977     3.3001
   56.2500     3.1837     3.0977     3.3001
   56.5000     3.1837     3.0977     3.3001
   56.7500     3.1837     3.0977     3.3001
   57.0000     3.1837     3.0977     3.3001
   57.2500     3.1837     3.0977     3.3001
   57.5000     3.1837     3.0977     3.3001
   57.7500     3.1837     3.0977     3.3001
   58.0000     3.1837     3.0977     3.3001
   58.2500     3.1837     3.0977     3.3001
   58.5000     3.1906     3.0977     3.3165
   58.7500     3.2157     3.0977     3.3388
   59.0000     3.2702     3.0977     3.4011
   59.2500     3.3146     3.0977     3.4787
   59.5000     3.3569     3.1342     3.5087
   59.7500     3.3592     3.1869     3.5087
   60.0000     3.3656     3.2810     3.5124
