# depth_km vs_median_km_s vs_p16 vs_p84
    0.0000     1.9431     1.9405     1.9456
    0.2500     1.9431     1.9405     1.9456
    0.5000     1.9431     1.9405     1.9456
    0.7500     1.9431     1.9405     1.9456
    1.0000     1.9431     1.9405     1.9456
    1.2500     1.9431     1.9405     1.9456
    1.5000     1.9431     1.9405     1.9456
    1.7500     1.9431     1.9405     1.9456
    2.0000     1.9459     1.9426     2.5002
    2.2500     2.4821     2.4702     2.5025
    2.5000     2.4821     2.4702     2.5025
    2.7500     2.4821     2.4702     2.5025
    3.0000     2.4821     2.4702     2.5025
    3.2500     2.4821     2.4702     2.5025
    3.5000     2.4821     2.4702     2.5025
    3.7500     2.4821     2.4702     2.5025
    4.0000     2.4821     2.4702     2.5025
    4.2500     2.4821     2.4702     2.5025
    4.5000     2.4821     2.4702     2.5025
    4.7500     2.4821     2.4702     2.5025
    5.0000     2.4821     2.4702     2.5025
    5.2500     2.4821     2.4702     2.5025
    5.5000     2.4821     2.4702     2.5025
    5.7500     2.4821     2.4702     2.5025
    6.0000     2.7125     2.5176     2.7603
    6.2500     2.7164     2.6804     2.7603
    6.5000     2.7164     2.6804     2.7603
    6.7500     2.7164     2.6804     2.7603
    7.0000     2.7164     2.6804     2.7603
    7.2500     2.7164     2.6804     2.7603
    7.5000     2.7164     2.6804     2.7603
    7.7500     2.7164     2.6804     2.7603
    8.0000     2.7164     2.6804     2.7603
    8.2500     2.7164     2.6804     2.7603
    8.5000     2.7164     2.6804     2.7603
    8.7500     2.7164     2.6804     2.7603
    9.0000     2.7164     2.6804     2.7603
    9.2500     2.7164     2.6804     2.7603
    9.5000     2.7164     2.6804     2.7603
    9.7500     2.7164     2.6804     2.7603
   10.0000     2.7164     2.6804     2.7603
   10.2500     2.7164     2.6804     2.7603
   10.5000     2.7164     2.6804     2.7603
   10.7500     2.7164     2.6804     2.7603
   11.0000     2.7164     2.6804     2.7603
   11.2500     2.7164     2.6804     2.7603
   11.5000     2.7164     2.6804     2.7603
   11.7500     2.7164     2.6804     2.7603
   12.0000     2.8970     2.8213     2.9901
   12.2500     2.9110     2.8528     2.9901
   12.5000     2.9110     2.8528     2.9901
   12.7500     2.9110     2.8528     2.9901
   13.0000     2.9110     2.8528     2.9901
   13.2500     2.9110     2.8528     2.9901
   13.5000     2.9110     2.8528     2.9901
   13.7500     2.9110     2.8528     2.9901
   14.0000     2.9110     2.8528     2.9901
   14.2500     2.9110     2.8528     2.9901
   14.5000     2.9110     2.8528     2.9901
   14.7500     2.9110     2.8528     2.9901
   15.0000     2.9110     2.8528     2.9901
   15.2500     2.9110     2.8528     2.9901
   15.5000     2.9110     2.8528     2.9901
   15.7500     2.9110     2.8528     2.9901
   16.0000     2.9110     2.8528     2.9901
   16.2500     2.9110     2.8528     2.9901
   16.5000     2.9110     2.8528     2.9901
   16.7500     2.9110     2.8528     2.9901
   17.0000     2.9110     2.8528     2.9901
   17.2500     2.9110     2.8528     2.9901
   17.5000     2.9110     2.8528     2.9901
   17.7500     2.9110     2.8528     2.9901
   18.0000     2.9110     2.8528     2.9901
   18.2500     2.9110     2.8528     2.9901
   18.5000     2.9110     2.8528     2.9901
   18.7500     2.9110     2.8528     2.9901
   19.0000     2.9110     2.8528     2.9901
   19.2500     2.9110     2.8528     2.9901
   19.5000     2.9110     2.8528     2.9901
   19.7500     2.9354     2.8530     3.0516
   20.0000     2.9686     2.8530     3.0950
   20.2500     2.9798     2.8916     3.1033
   20.5000     3.0000     2.9073     3.1074
   20.7500     3.0000     2.9073     3.1074
   21.0000     3.0000     2.9073     3.1074
   21.2500     3.0000     2.9073     3.1074
   21.5000     3.0000     2.9073     3.1074
   21.7500     3.0000     2.9073     3.1074
   22.0000     3.0000     2.9073     3.1074
   22.2500     3.0000     2.9073     3.1074
   22.5000     3.0000     2.9073     3.1074
   22.7500     3.0000     2.9073     3.1074
   23.0000     3.0000     2.9073     3.1074
   23.2500     3.0000     2.9073     3.1074
   23.5000     3.0000     2.9073     3.1074
   23.7500     3.0000     2.9073     3.1074
   24.0000     3.0000     2.9073     3.1074
   24.2500     3.0000     2.9073     3.1074
   24.5000     3.0000     2.9073     3.1074
   24.7500     3.0000     2.9073     3.1074
   25.0000     3.0000     2.9073     3.1074
   25.2500     3.0000     2.9073     3.1074
   25.5000     3.0000     2.9073     3.1074
   25.7500     3.0000     2.9073     3.1074
   26.0000     3.0000     2.9073     3.1074
   26.2500     3.0000     2.9073     3.1074
   26.5000     3.0000     2.9073     3.1074
   26.7500     3.0000     2.9073     3.1074
   27.0000     3.0000     2.9073     3.1074
   27.2500     3.0000     2.9073     3.1074
   27.5000     3.0000     2.9073     3.1074
   27.7500     3.0000     2.9073     3.1074
   28.0000     3.0000     2.9073     3.1074
   28.2500     3.0000     2.9073     3.1074
   28.5000     3.0000     2.9073     3.1074
   28.7500     3.0000     2.9073     3.1074
   29.0000     3.0000     2.9073     3.1074
   29.2500     3.0000     2.9073     3.1074
   29.5000     3.0000     2.9073     3.1074
   29.7500     3.0143     2.9073     3.1219
   30.0000     3.0391     2.9074     3.1848
   30.2500     3.0477     2.9294     3.1848
   30.5000     3.0564     2.9402     3.1913
   30.7500     3.0564     2.9402     3.1913
   31.0000     3.0564     2.9402     3.1913
   31.2500     3.0564     2.9402     3.1913
   31.5000     3.0564     2.9402     3.1913
   31.7500     3.0564     2.9402     3.1913
   32.0000     3.0564     2.9402     3.1913
   32.2500     3.0564     2.9402     3.1913
   32.5000     3.0564     2.9402     3.1913
   32.7500     3.0564     2.9402     3.1913
   33.0000     3.0564     2.9402     3.1913
   33.2500     3.0564     2.9402     3.1913
   33.5000     3.0564     2.9402     3.1913
   33.7500     3.0564     2.9402     3.1913
   34.0000     3.0564     2.9402     3.1913
   34.2500     3.0564     2.9402     3.1913
   34.5000     3.0564     2.9402     3.1913
   34.7500     3.0564     2.9402     3.1913
   35.0000     3.0564     2.9402     3.1913
   35.2500     3.0564     2.9402     3.1913
   35.5000     3.0564     2.9402     3.1913
   35.7500     3.0564     2.9402     3.1913
   36.0000     3.0564     2.9402     3.1913
   36.2500     3.0564     2.9402     3.1913
   36.5000     3.0564     2.9402     3.1913
   36.7500     3.0564     2.9402     3.1913
   37.0000     3.0564     2.9402     3.1913
   37.2500     3.0564     2.9402     3.1913
   37.5000     3.0564     2.9402     3.1913
   37.7500     3.0564     2.9402     3.1913
   38.0000     3.0564     2.9402     3.1913
   38.2500     3.0564     2.9402     3.1913
   38.5000     3.0564     2.9402     3.1913
   38.7500     3.0564     2.9402     3.1913
   39.0000     3.0564     2.9402     3.1913
   39.2500     3.0564     2.9402     3.1913
   39.5000     3.0564     2.9402     3.1913
   39.7500     3.0564     2.9402     3.1913
   40.0000     3.0564     2.9402     3.1913
   40.2500     3.0564     2.9402     3.1913
   40.5000     3.0564     2.9402     3.1913
   40.7500     3.0564     2.9402     3.1913
   41.0000     3.0564     2.9402     3.1913
   41.2500     3.0564     2.9402     3.1913
   41.5000     3.0564     2.9402     3.1913
   41.7500     3.0564     2.9402     3.1913
   42.0000     3.0564     2.9402     3.1913
   42.2500     3.0564     2.9402     3.1913
   42.5000     3.0564     2.9402     3.1913
   42.7500     3.0564     2.9402     3.1913
   43.0000     3.0564     2.9402     3.1913
   43.2500     3.0564     2.9402     3.1913
   43.5000     3.0564     2.9402     3.1913
   43.7500     3.0564     2.9402     3.1913
   44.0000     3.0564     2.9402     3.1913
   44.2500     3.0564     2.9402     3.1913
   44.5000     3.0564     2.9402     3.1913
   44.7500     3.0564     2.9402     3.1913
   45.0000     3.0564     2.9402     3.1913
   45.2500     3.0564     2.9402     3.1913
   45.5000     3.0564     2.9402     3.1913
   45.7500     3.0564     2.9402     3.1913
   46.0000     3.0564     2.9402     3.1913
   46.2500     3.0564     2.9402     3.1913
   46.5000     3.0564     2.9402     3.1913
   46.7500     3.0564     2.9402     3.1913
   47.0000     3.0564     2.9402     3.1913
   47.2500     3.0564     2.9402     3.1913
   47.5000     3.0564     2.9402     3.1913
   47.7500     3.0564     2.9402     3.1913
   48.0000     3.0564     2.9402     3.1913
   48.2500     3.0564     2.9402     3.1913
   48.5000     3.0564     2.9402     3.1913
   48.7500     3.0564     2.9402     3.1913
   49.0000     3.0564     2.9402     3.1913
   49.2500     3.0564     2.9402     3.1913
   49.5000     3.0564     2.9402     3.1913
   49.7500     3.0564     2.9402     3.1913
   50.0000     3.0564     2.9402     3.1913
   50.2500     3.0564     2.9402     3.1913
   50.5000     3.0564     2.9402     3.1913
   50.7500     3.0564     2.9402     3.1913
   51.0000     3.0564     2.9402     3.1913
   51.2500     3.0564     2.9402     3.1913
   51.5000     3.0564     2.9402     3.1913
   51.7500     3.0564     2.9402     3.1913
   52.0000     3.0564     2.9402     3.1913
   52.2500     3.0564     2.9402     3.1913
   52.5000     3.0564     2.9402     3.1913
   52.7500     3.0564     2.9402     3.1913
   53.0000     3.0564     2.9402     3.1913
   53.2500     3.0564     2.9402     3.1913
   53.5000     3.0564     2.9402     3.1913
   53.7500     3.0564     2.9402     3.1913
   54.0000     3.0564     2.9402     3.1913
   54.2500     3.0564     2.9402     3.1913
   54.5000     3.0564     2.9402     3.1913
   54.7500     3.0564     2.9402     3.1913
   55.0000     3.0564     2.9402     3.1913
   55.2500     3.0564     2.9402     3.1913
   55.5000     3.0564     2.9402     3.1913
   55.7500     3.0564     2.9402     3.1913
   56.0000     3.0564     2.9402     3.1913
   56.2500     3.0564     2.9402     3.1913
   56.5000     3.0564     2.9402     3.1913
   56.7500     3.0564     2.9402     3.1913
   57.0000     3.0564     2.9402     3.1913
   57.2500     3.0564     2.9402     3.1913
   57.5000     3.0564     2.9402     3.1913
   57.7500     3.0564     2.9402     3.1913
   58.0000     3.0564     2.9402     3.1913
   58.2500     3.0564     2.9402     3.1913
   58.5000     3.0564     2.9402     3.1913
   58.7500     3.0564     2.9402     3.1913
   59.0000     3.0564     2.9402     3.1913
   59.2500     3.0564     2.9402     3.1913
   59.5000     3.1159     2.9402     3.2612
   59.7500     3.1573     2.9556     3.2835
   60.0000     3.1944     2.9556     3.3644
