# depth_km vs_median_km_s vs_p16 vs_p84
    0.0000     1.7102     1.6893     1.7155
    0.2500     1.7102     1.6893     1.7155
    0.5000     1.7102     1.6893     1.7155
    0.7500     1.7102     1.6893     1.7155
    1.0000     1.7102     1.6893     1.7155
    1.2500     1.7102     1.6893     1.7155
    1.5000     1.7158     1.7106     3.0078
    1.7500     3.2442     2.9796     3.4993
    2.0000     3.2442     2.9796     3.4993
    2.2500     3.2442     2.9796     3.4993
    2.5000     3.2442     2.9796     3.4993
    2.7500     3.2442     2.9796     3.4993
    3.0000     3.2442     2.9796     3.4993
    3.2500     3.2442     2.9796     3.4993
    3.5000     3.2442     2.9796     3.4993
    3.7500     3.2442     2.9796     3.4993
    4.0000     3.2442     2.9796     3.4993
    4.2500     3.2442     2.9796     3.4993
    4.5000     3.2442     2.9796     3.4993
    4.7500     3.2442     2.9796     3.4993
    5.0000     3.2442     2.9796     3.4993
    5.2500     3.2442     2.9796     3.4993
    5.5000     2.8869     2.6767     3.4992
    5.7500     2.7334     2.5517     2.8299
    6.0000     2.7135     2.5517     2.8250
    6.2500     2.7135     2.5517     2.8250
    6.5000     2.7135     2.5517     2.8250
    6.7500     2.7135     2.5517     2.8250
    7.0000     2.7135     2.5517     2.8250
    7.2500     2.7135     2.5517     2.8250
    7.5000     2.7135     2.5517     2.8250
    7.7500     2.7135     2.5517     2.8250
    8.0000     2.7135     2.5517     2.8250
    8.2500     2.7135     2.5517     2.8250
    8.5000     2.7135     2.5517     2.8250
    8.7500     2.7135     2.5517     2.8250
    9.0000     2.7135     2.5517     2.8250
    9.2500     2.7135     2.5517     2.8250
    9.5000     2.7135     2.5517     2.8250
    9.7500     2.7135     2.5517     2.8250
   10.0000     2.7135     2.5517     2.8250
   10.2500     2.7135     2.5517     2.8250
   10.5000     2.7135     2.5517     2.8250
   10.7500     2.7135     2.5517     2.8250
   11.0000     2.7135     2.5517     2.8250
   11.2500     2.7135     2.5517     2.8250
   11.5000     2.7796     2.5517     3.0511
   11.7500     2.9132     2.5927     3.0524
   12.0000     2.9132     2.5927     3.0524
   12.2500     2.9132     2.5927     3.0524
   12.5000     2.9132     2.5927     3.0524
   12.7500     2.9132     2.5927     3.0524
   13.0000     2.9132     2.5927     3.0524
   13.2500     2.9132     2.5927     3.0524
   13.5000     2.9132     2.5927     3.0524
   13.7500     2.9132     2.5927     3.0524
   14.0000     2.9132     2.5927     3.0524
   14.2500     2.9132     2.5927     3.0524
   14.5000     2.9132     2.5927     3.0524
   14.7500     2.9132     2.5927     3.0524
   15.0000     2.9132     2.5927     3.0524
   15.2500     2.9132     2.5927     3.0524
   15.5000     2.9132     2.5927     3.0524
   15.7500     2.9132     2.5927     3.0524
   16.0000     2.9132     2.5927     3.0524
   16.2500     2.9132     2.5927     3.0524
   16.5000     2.9132     2.5927     3.0524
   16.7500     2.9132     2.5927     3.0524
   17.0000     2.9132     2.5927     3.0524
   17.2500     2.9132     2.5927     3.0524
   17.5000     2.9132     2.5927     3.0524
   17.7500     2.9132     2.5927     3.0524
   18.0000     2.9132     2.5927     3.0524
   18.2500     2.9132     2.5927     3.0524
   18.5000     2.9132     2.5927     3.0524
   18.7500     2.9132     2.5927     3.0524
   19.0000     2.9132     2.5927     3.0524
   19.2500     2.9132     2.5927     3.0524
   19.5000     3.0379     2.5927     3.3293
   19.7500     3.0952     2.5927     3.3293
   20.0000     3.1321     2.7639     3.3293
   20.2500     3.1321     2.7639     3.3293
   20.5000     3.1321     2.7639     3.3293
   20.7500     3.1321     2.7639     3.3293
   21.0000     3.1321     2.7639     3.3293
   21.2500     3.1321     2.7639     3.3293
   21.5000     3.1321     2.7639     3.3293
   21.7500     3.1321     2.7639     3.3293
   22.0000     3.1321     2.7639     3.3293
   22.2500     3.1321     2.7639     3.3293
   22.5000     3.1321     2.7639     3.3293
   22.7500     3.1321     2.7639     3.3293
   23.0000     3.1321     2.7639     3.3293
   23.2500     3.1321     2.7639     3.3293
   23.5000     3.1321     2.7639     3.3293
   23.7500     3.1321     2.7639     3.3293
   24.0000     3.1321     2.7639     3.3293
   24.2500     3.1321     2.7639     3.3293
   24.5000     3.1321     2.7639     3.3293
   24.7500     3.1321     2.7639     3.3293
   25.0000     3.1321     2.7639     3.3293
   25.2500     3.1321     2.7639     3.3293
   25.5000     3.1321     2.7639     3.3293
   25.7500     3.1321     2.7639     3.3293
   26.0000     3.1321     2.7639     3.3293
   26.2500     3.1321     2.7639     3.3293
   26.5000     3.1321     2.7639     3.3293
   26.7500     3.1321     2.7639     3.3293
   27.0000     3.1321     2.7639     3.3293
   27.2500     3.1321     2.7639     3.3293
   27.5000     3.1321     2.7639     3.3293
   27.7500     3.1321     2.7639     3.3293
   28.0000     3.1321     2.7639     3.3293
   28.2500     3.1321     2.7639     3.3293
   28.5000     3.1321     2.7639     3.3293
   28.7500     3.1321     2.7639     3.3293
   29.0000     3.1321     2.7639     3.3293
   29.2500     3.1321     2.7639     3.3293
   29.5000     3.1321     2.7639     3.6449
   29.7500     3.3524     2.7639     3.6449
   30.0000     3.3756     2.7639     3.6449
   30.2500     3.4560     3.3139     3.6449
   30.5000     3.4560     3.3168     3.6449
   30.7500     3.4560     3.3168     3.6449
   31.0000     3.4560     3.3168     3.6449
   31.2500     3.4560     3.3168     3.6449
   31.5000     3.4560     3.3168     3.6449
   31.7500     3.4560     3.3168     3.6449
   32.0000     3.4560     3.3168     3.6449
   32.2500     3.4560     3.3168     3.6449
   32.5000     3.4560     3.3168     3.6449
   32.7500     3.4560     3.3168     3.6449
   33.0000     3.4560     3.3168     3.6449
   33.2500     3.4560     3.3168     3.6449
   33.5000     3.4560     3.3168     3.6449
   33.7500     3.4560     3.3168     3.6449
   34.0000     3.4560     3.3168     3.6449
   34.2500     3.4560     3.3168     3.6449
   34.5000     3.4560     3.3168     3.6449
   34.7500     3.4560     3.3168     3.6449
   35.0000     3.4560     3.3168     3.6449
   35.2500     3.4560     3.3168     3.6449
   35.5000     3.4560     3.3168     3.6449
   35.7500     3.4560     3.3168     3.6449
   36.0000     3.4560     3.3168     3.6449
   36.2500     3.4560     3.3168     3.6449
   36.5000     3.4560     3.3168     3.6449
   36.7500     3.4560     3.3168     3.6449
   37.0000     3.4560     3.3168     3.6449
   37.2500     3.4560     3.3168     3.6449
   37.5000     3.4560     3.3168     3.6449
   37.7500     3.4560     3.3168     3.6449
   38.0000     3.4560     3.3168     3.6449
   38.2500     3.4560     3.3168     3.6449
   38.5000     3.4560     3.3168     3.6449
   38.7500     3.4560     3.3168     3.6449
   39.0000     3.4560     3.3168     3.6449
   39.2500     3.4560     3.3168     3.6449
   39.5000     3.4560     3.3168     3.6449
   39.7500     3.4560     3.3168     3.6449
   40.0000     3.4560     3.3168     3.6449
   40.2500     3.4560     3.3168     3.6449
   40.5000     3.4560     3.3168     3.6449
   40.7500     3.4560     3.3168     3.6449
   41.0000     3.4560     3.3168     3.6449
   41.2500     3.4560     3.3168     3.6449
   41.5000     3.4560     3.3168     3.6449
   41.7500     3.4560     3.3168     3.6449
   42.0000     3.4560     3.3168     3.6449
   42.2500     3.4560     3.3168     3.6449
   42.5000     3.4560     3.3168     3.6449
   42.7500     3.4560     3.3168     3.6449
   43.0000     3.4560     3.3168     3.6449
   43.2500     3.4560     3.3168     3.6449
   43.5000     3.4560     3.3168     3.6449
   43.7500     3.4560     3.3168     3.6449
   44.0000     3.4560     3.3168     3.6449
   44.2500     3.4560     3.3168     3.6449
   44.5000     3.4560     3.3168     3.6449
   44.7500     3.4560     3.3168     3.6449
   45.0000     3.4560     3.3168     3.6449
   45.2500     3.4560     3.3168     3.6449
   45.5000     3.4560     3.3168     3.6449
   45.7500     3.4560     3.3168     3.6449
   46.0000     3.4560     3.3168     3.6449
   46.2500     3.4560     3.3168     3.6449
   46.5000     3.4560     3.3168     3.6449
   46.7500     3.4560     3.3168     3.6449
   47.0000     3.4560     3.3168     3.6449
   47.2500     3.4560     3.3168     3.6449
   47.5000     3.4560     3.3168     3.6449
   47.7500     3.4560     3.3168     3.6449
   48.0000     3.4560     3.3168     3.6449
   48.2500     3.4560     3.3168     3.6449
   48.5000     3.4560     3.3168     3.6449
   48.7500     3.4560     3.3168     3.6449
   49.0000     3.4560     3.3168     3.6449
   49.2500     3.4560     3.3168     3.6449
   49.5000     3.4560     3.3168     3.6449
   49.7500     3.4560     3.3168     3.6449
   50.0000     3.4560     3.3168     3.6449
   50.2500     3.4560     3.3168     3.6449
   50.5000     3.4560     3.3168     3.6449
   50.7500     3.4560     3.3168     3.6449
   51.0000     3.4560     3.3168     3.6449
   51.2500     3.4560     3.3168     3.6449
   51.5000     3.4560     3.3168     3.6449
   51.7500     3.4560     3.3168     3.6449
   52.0000     3.4560     3.3168     3.6449
   52.2500     3.4560     3.3168     3.6449
   52.5000     3.4560     3.3168     3.6449
   52.7500     3.4560     3.3168     3.6449
   53.0000     3.4560     3.3168     3.6449
   53.2500     3.4560     3.3168     3.6449
   53.5000     3.4560     3.3168     3.6449
   53.7500     3.4560     3.3168     3.6449
   54.0000     3.4560     3.3168     3.6449
   54.2500     3.4560     3.3168     3.6449
   54.5000     3.4560     3.3168     3.6449
   54.7500     3.4560     3.3168     3.6449
   55.0000     3.4560     3.3168     3.6449
   55.2500     3.4560     3.3168     3.6449
   55.5000     3.4560     3.3168     3.6449
   55.7500     3.4560     3.3168     3.6449
   56.0000     3.4560     3.3168     3.6449
   56.2500     3.4560     3.3168     3.6449
   56.5000     3.4560     3.3168     3.6449
   56.7500     3.4560     3.3168     3.6449
   57.0000     3.4560     3.3168     3.6449
   57.2500     3.4560     3.3168     3.6449
   57.5000     3.4560     3.3168     3.6449
   57.7500     3.4560     3.3168     3.6449
   58.0000     3.4560     3.3168     3.6449
   58.2500     3.4560     3.3168     3.6449
   58.5000     3.4560     3.3168     3.6449
   58.7500     3.4560     3.3168     3.6452
   59.0000     3.4564     3.3168     3.9064
   59.2500     3.5057     3.3566     3.9280
   59.5000     3.5176     3.3674     3.9323
   59.7500     3.5176     3.3674     3.9598
   60.0000     3.5640     3.3675     3.9799
