# depth_km vs_median_km_s vs_p16 vs_p84
    0.0000     1.8904     1.8875     1.8931
    0.2500     1.8904     1.8875     1.8931
    0.5000     1.8904     1.8875     1.8931
    0.7500     1.8904     1.8875     1.8931
    1.0000     1.8904     1.8875     1.8931
    1.2500     1.8904     1.8875     1.8931
    1.5000     2.9628     2.9547     2.9751
    1.7500     2.9628     2.9547     2.9751
    2.0000     2.9628     2.9547     2.9751
    2.2500     2.9628     2.9547     2.9751
    2.5000     2.9628     2.9547     2.9751
    2.7500     2.9628     2.9547     2.9751
    3.0000     2.9628     2.9547     2.9751
    3.2500     2.9628     2.9547     2.9751
    3.5000     2.9628     2.9547     2.9751
    3.7500     2.9628     2.9547     2.9751
    4.0000     2.9628     2.9547     2.9751
    4.2500     2.9628     2.9547     2.9751
    4.5000     2.9628     2.9547     2.9751
    4.7500     2.9628     2.9547     2.9751
    5.0000     2.9628     2.9547     2.9751
    5.2500     2.9594     2.9409     2.9679
    5.5000     2.7767     2.6083     2.9566
    5.7500     2.7767     2.6083     2.8928
    6.0000     2.7767     2.6083     2.8928
    6.2500     2.7767     2.6083     2.8928
    6.5000     2.7767     2.6083     2.8928
    6.7500     2.7767     2.6083     2.8928
    7.0000     2.7767     2.6083     2.8928
    7.2500     2.7767     2.6083     2.8928
    7.5000     2.7767     2.6083     2.8928
    7.7500     2.7767     2.6083     2.8928
    8.0000     2.7767     2.6083     2.8928
    8.2500     2.7767     2.6083     2.8928
    8.5000     2.7767     2.6083     2.8928
    8.7500     2.7767     2.6083     2.8928
    9.0000     2.7767     2.6083     2.8928
    9.2500     2.7767     2.6083     2.8928
    9.5000     2.7767     2.6083     2.8928
    9.7500     2.7767     2.6083     2.8928
   10.0000     2.7767     2.6083     2.8928
   10.2500     2.7767     2.6083     2.8928
   10.5000     2.7767     2.6083     2.8928
   10.7500     2.7767     2.6083     2.8928
   11.0000     2.7767     2.6083     2.8928
   11.2500     2.7767     2.6083     2.8928
   11.5000     2.8614     2.6384     3.0551
   11.7500     2.9794     2.7077     3.0636
   12.0000     2.9794     2.7077     3.0636
   12.2500     2.9794     2.7077     3.0636
   12.5000     2.9794     2.7077     3.0636
   12.7500     2.9794     2.7077     3.0636
   13.0000     2.9794     2.7077     3.0636
   13.2500     2.9794     2.7077     3.0636
   13.5000     2.9794     2.7077     3.0636
   13.7500     2.9794     2.7077     3.0636
   14.0000     2.9794     2.7077     3.0636
   14.2500     2.9794     2.7077     3.0636
   14.5000     2.9794     2.7077     3.0636
   14.7500     2.9794     2.7077     3.0636
   15.0000     2.9794     2.7077     3.0636
   15.2500     2.9794     2.7077     3.0636
   15.5000     2.9794     2.7077     3.0636
   15.7500     2.9794     2.7077     3.0636
   16.0000     2.9794     2.7077     3.0636
   16.2500     2.9794     2.7077     3.0636
   16.5000     2.9794     2.7077     3.0636
   16.7500     2.9794     2.7077     3.0636
   17.0000     2.9794     2.7077     3.0636
   17.2500     2.9794     2.7077     3.0636
   17.5000     2.9794     2.7077     3.0636
   17.7500     2.9794     2.7077     3.0636
   18.0000     2.9794     2.7077     3.0636
   18.2500     2.9794     2.7077     3.0636
   18.5000     2.9794     2.7077     3.0636
   18.7500     2.9794     2.7077     3.0636
   19.0000     2.9794     2.7077     3.0636
   19.2500     2.9863     2.7077     3.0678
   19.5000     3.0454     2.7077     3.1174
   19.7500     3.0694     2.9010     3.1636
   20.0000     3.0958     3.0079     3.1636
   20.2500     3.0966     3.0087     3.1636
   20.5000     3.0966     3.0087     3.1636
   20.7500     3.0966     3.0087     3.1636
   21.0000     3.0966     3.0087     3.1636
   21.2500     3.0966     3.0087     3.1636
   21.5000     3.0966     3.0087     3.1636
   21.7500     3.0966     3.0087     3.1636
   22.0000     3.0966     3.0087     3.1636
   22.2500     3.0966     3.0087     3.1636
   22.5000     3.0966     3.0087     3.1636
   22.7500     3.0966     3.0087     3.1636
   23.0000     3.0966     3.0087     3.1636
   23.2500     3.0966     3.0087     3.1636
   23.5000     3.0966     3.0087     3.1636
   23.7500     3.0966     3.0087     3.1636
   24.0000     3.0966     3.0087     3.1636
   24.2500     3.0966     3.0087     3.1636
   24.5000     3.0966     3.0087     3.1636
   24.7500     3.0966     3.0087     3.1636
   25.0000     3.0966     3.0087     3.1636
   25.2500     3.0966     3.0087     3.1636
   25.5000     3.0966     3.0087     3.1636
   25.7500     3.0966     3.0087     3.1636
   26.0000     3.0966     3.0087     3.1636
   26.2500     3.0966     3.0087     3.1636
   26.5000     3.0966     3.0087     3.1636
   26.7500     3.0966     3.0087     3.1636
   27.0000     3.0966     3.0087     3.1636
   27.2500     3.0966     3.0087     3.1636
   27.5000     3.0966     3.0087     3.1636
   27.7500     3.0966     3.0087     3.1636
   28.0000     3.0966     3.0087     3.1636
   28.2500     3.0966     3.0087     3.1636
   28.5000     3.0966     3.0087     3.1636
   28.7500     3.0966     3.0087     3.1636
   29.0000     3.0966     3.0087     3.1636
   29.2500     3.0966     3.0087     3.1646
   29.5000     3.0966     3.0087     3.3600
   29.7500     3.2890     3.0087     3.4159
   30.0000     3.3370     3.0767     3.4197
   30.2500     3.3436     3.2539     3.4197
   30.5000     3.3436     3.2539     3.4197
   30.7500     3.3436     3.2539     3.4197
   31.0000     3.3436     3.2539     3.4197
   31.2500     3.3436     3.2539     3.4197
   31.5000     3.3436     3.2539     3.4197
   31.7500     3.3436     3.2539     3.4197
   32.0000     3.3436     3.2539     3.4197
   32.2500     3.3436     3.2539     3.4197
   32.5000     3.3436     3.2539     3.4197
   32.7500     3.3436     3.2539     3.4197
   33.0000     3.3436     3.2539     3.4197
   33.2500     3.3436     3.2539     3.4197
   33.5000     3.3436     3.2539     3.4197
   33.7500     3.3436     3.2539     3.4197
   34.0000     3.3436     3.2539     3.4197
   34.2500     3.3436     3.2539     3.4197
   34.5000     3.3436     3.2539     3.4197
   34.7500     3.3436     3.2539     3.4197
   35.0000     3.3436     3.2539     3.4197
   35.2500     3.3436     3.2539     3.4197
   35.5000     3.3436     3.2539     3.4197
   35.7500     3.3436     3.2539     3.4197
   36.0000     3.3436     3.2539     3.4197
   36.2500     3.3436     3.2539     3.4197
   36.5000     3.3436     3.2539     3.4197
   36.7500     3.3436     3.2539     3.4197
   37.0000     3.3436     3.2539     3.4197
   37.2500     3.3436     3.2539     3.4197
   37.5000     3.3436     3.2539     3.4197
   37.7500     3.3436     3.2539     3.4197
   38.0000     3.3436     3.2539     3.4197
   38.2500     3.3436     3.2539     3.4197
   38.5000     3.3436     3.2539     3.4197
   38.7500     3.3436     3.2539     3.4197
   39.0000     3.3436     3.2539     3.4197
   39.2500     3.3436     3.2539     3.4197
   39.5000     3.3436     3.2539     3.4197
   39.7500     3.3436     3.2539     3.4197
   40.0000     3.3436     3.2539     3.4197
   40.2500     3.3436     3.2539     3.4197
   40.5000     3.3436     3.2539     3.4197
   40.7500     3.3436     3.2539     3.4197
   41.0000     3.3436     3.2539     3.4197
   41.2500     3.3436     3.2539     3.4197
   41.5000     3.3436     3.2539     3.4197
   41.7500     3.3436     3.2539     3.4197
   42.0000     3.3436     3.2539     3.4197
   42.2500     3.3436     3.2539     3.4197
   42.5000     3.3436     3.2539     3.4197
   42.7500     3.3436     3.2539     3.4197
   43.0000     3.3436     3.2539     3.4197
   43.2500     3.3436     3.2539     3.4197
   43.5000     3.3436     3.2539     3.4197
   43.7500     3.3436     3.2539     3.4197
   44.0000     3.3436     3.2539     3.4197
   44.2500     3.3436     3.2539     3.4197
   44.5000     3.3436     3.2539     3.4197
   44.7500     3.3436     3.2539     3.4197
   45.0000     3.3436     3.2539     3.4197
   45.2500     3.3436     3.2539     3.4197
   45.5000     3.3436     3.2539     3.4197
   45.7500     3.3436     3.2539     3.4197
   46.0000     3.3436     3.2539     3.4197
   46.2500     3.3436     3.2539     3.4197
   46.5000     3.3436     3.2539     3.4197
   46.7500     3.3436     3.2539     3.4197
   47.0000     3.3436     3.2539     3.4197
   47.2500     3.3436     3.2539     3.4197
   47.5000     3.3436     3.2539     3.4197
   47.7500     3.3436     3.2539     3.4197
   48.0000     3.3436     3.2539     3.4197
   48.2500     3.3436     3.2539     3.4197
   48.5000     3.3436     3.2539     3.4197
   48.7500     3.3436     3.2539     3.4197
   49.0000     3.3436     3.2539     3.4197
   49.2500     3.3436     3.2539     3.4197
   49.5000     3.3436     3.2539     3.4197
   49.7500     3.3436     3.2539     3.4197
   50.0000     3.3436     3.2539     3.4197
   50.2500     3.3436     3.2539     3.4197
   50.5000     3.3436     3.2539     3.4197
   50.7500     3.3436     3.2539     3.4197
   51.0000     3.3436     3.2539     3.4197
   51.2500     3.3436     3.2539     3.4197
   51.5000     3.3436     3.2539     3.4197
   51.7500     3.3436     3.2539     3.4197
   52.0000     3.3436     3.2539     3.4197
   52.2500     3.3436     3.2539     3.4197
   52.5000     3.3436     3.2539     3.4197
   52.7500     3.3436     3.2539     3.4197
   53.0000     3.3436     3.2539     3.4197
   53.2500     3.3436     3.2539     3.4197
   53.5000     3.3436     3.2539     3.4197
   53.7500     3.3436     3.2539     3.4197
   54.0000     3.3436     3.2539     3.4197
   54.2500     3.3436     3.2539     3.4197
   54.5000     3.3436     3.2539     3.4197
   54.7500     3.3436     3.2539     3.4197
   55.0000     3.3436     3.2539     3.4197
   55.2500     3.3436     3.2539     3.4197
   55.5000     3.3436     3.2539     3.4197
   55.7500     3.3436     3.2539     3.4197
   56.0000     3.3436     3.2539     3.4197
   56.2500     3.3436     3.2539     3.4197
   56.5000     3.3436     3.2539     3.4197
   56.7500     3.3436     3.2539     3.4197
   57.0000     3.3436     3.2539     3.4197
   57.2500     3.3436     3.2539     3.4197
   57.5000     3.3436     3.2539     3.4197
   57.7500     3.3436     3.2539     3.4197
   58.0000     3.3436     3.2539     3.4197
   58.2500     3.3436     3.2539     3.4197
   58.5000     3.3436     3.2539     3.4197
   58.7500     3.3436     3.2539     3.4197
   59.0000     3.3487     3.2555     3.4458
   59.2500     3.3800     3.2577     3.6035
   59.5000     3.3955     3.2858     3.6877
   59.7500     3.5861     3.3304     3.8752
   60.0000     3.7560     3.4728     3.9157
