# depth_km vs_median_km_s vs_p16 vs_p84
    0.0000     2.0391     2.0331     2.0460
    0.2500     2.0391     2.0331     2.0460
    0.5000     2.0391     2.0331     2.0460
    0.7500     2.0391     2.0331     2.0460
    1.0000     2.0391     2.0331     2.0460
    1.2500     2.0391     2.0331     2.0460
    1.5000     2.0391     2.0331     2.0460
    1.7500     2.0391     2.0331     2.0460
    2.0000     2.0394     2.0333     2.0463
    2.2500     2.6066     2.5847     2.6288
    2.5000     2.6066     2.5847     2.6288
    2.7500     2.6066     2.5847     2.6288
    3.0000     2.6066     2.5847     2.6288
    3.2500     2.6066     2.5847     2.6288
    3.5000     2.6066     2.5847     2.6288
    3.7500     2.6066     2.5847     2.6288
    4.0000     2.6066     2.5847     2.6288
    4.2500     2.6066     2.5847     2.6288
    4.5000     2.6066     2.5847     2.6288
    4.7500     2.6066     2.5847     2.6288
    5.0000     2.6066     2.5847     2.6288
    5.2500     2.6066     2.5847     2.6288
    5.5000     2.6066     2.5847     2.6288
    5.7500     2.6066     2.5847     2.6288
    6.0000     2.5959     2.5623     2.6230
    6.2500     2.5856     2.5403     2.6207
    6.5000     2.5672     2.5107     2.6198
    6.7500     2.5672     2.5107     2.6198
    7.0000     2.5672     2.5107     2.6198
    7.2500     2.5672     2.5107     2.6198
    7.5000     2.5672     2.5107     2.6198
    7.7500     2.5672     2.5107     2.6198
    8.0000     2.5672     2.5107     2.6198
    8.2500     2.5672     2.5107     2.6198
    8.5000     2.5672     2.5107     2.6198
    8.7500     2.5672     2.5107     2.6198
    9.0000     2.5672     2.5107     2.6198
    9.2500     2.5672     2.5107     2.6198
    9.5000     2.5672     2.5107     2.6198
    9.7500     2.5672     2.5107     2.6198
   10.0000     2.5672     2.5107     2.6198
   10.2500     2.5672     2.5107     2.6198
   10.5000     2.5672     2.5107     2.6198
   10.7500     2.5672     2.5107     2.6198
   11.0000     2.5672     2.5107     2.6198
   11.2500     2.5672     2.5107     2.6198
   11.5000     2.5692     2.5107     2.6221
   11.7500     2.6325     2.5226     2.9871
   12.0000     2.9175     2.5312     3.0214
   12.2500     2.9175     2.7186     3.0214
   12.5000     2.9218     2.8288     3.0214
   12.7500     2.9218     2.8288     3.0214
   13.0000     2.9218     2.8288     3.0214
   13.2500     2.9218     2.8288     3.0214
   13.5000     2.9218     2.8288     3.0214
   13.7500     2.9218     2.8288     3.0214
   14.0000     2.9218     2.8288     3.0214
   14.2500     2.9218     2.8288     3.0214
   14.5000     2.9218     2.8288     3.0214
   14.7500     2.9218     2.8288     3.0214
   15.0000     2.9218     2.8288     3.0214
   15.2500     2.9218     2.8288     3.0214
   15.5000     2.9218     2.8288     3.0214
   15.7500     2.9218     2.8288     3.0214
   16.0000     2.9218     2.8288     3.0214
   16.2500     2.9218     2.8288     3.0214
   16.5000     2.9218     2.8288     3.0214
   16.7500     2.9218     2.8288     3.0214
   17.0000     2.9218     2.8288     3.0214
   17.2500     2.9218     2.8288     3.0214
   17.5000     2.9218     2.8288     3.0214
   17.7500     2.9218     2.8288     3.0214
   18.0000     2.9218     2.8288     3.0214
   18.2500     2.9218     2.8288     3.0214
   18.5000     2.9218     2.8288     3.0214
   18.7500     2.9218     2.8288     3.0214
   19.0000     2.9218     2.8288     3.0214
   19.2500     2.9218     2.8288     3.0214
   19.5000     2.9218     2.8288     3.0214
   19.7500     2.9238     2.8288     3.0228
   20.0000     2.9229     2.8302     3.0302
   20.2500     2.9308     2.8302     3.0445
   20.5000     2.9312     2.8358     3.0445
   20.7500     2.9366     2.8431     3.0505
   21.0000     2.9386     2.8431     3.0527
   21.2500     2.9386     2.8431     3.0527
   21.5000     2.9386     2.8431     3.0527
   21.7500     2.9386     2.8431     3.0527
   22.0000     2.9386     2.8431     3.0527
   22.2500     2.9386     2.8431     3.0527
   22.5000     2.9386     2.8431     3.0527
   22.7500     2.9386     2.8431     3.0527
   23.0000     2.9386     2.8431     3.0527
   23.2500     2.9386     2.8431     3.0527
   23.5000     2.9386     2.8431     3.0527
   23.7500     2.9386     2.8431     3.0527
   24.0000     2.9386     2.8431     3.0527
   24.2500     2.9386     2.8431     3.0527
   24.5000     2.9386     2.8431     3.0527
   24.7500     2.9386     2.8431     3.0527
   25.0000     2.9386     2.8431     3.0527
   25.2500     2.9386     2.8431     3.0527
   25.5000     2.9386     2.8431     3.0527
   25.7500     2.9386     2.8431     3.0527
   26.0000     2.9386     2.8431     3.0527
   26.2500     2.9386     2.8431     3.0527
   26.5000     2.9386     2.8431     3.0527
   26.7500     2.9386     2.8431     3.0527
   27.0000     2.9386     2.8431     3.0527
   27.2500     2.9386     2.8431     3.0527
   27.5000     2.9386     2.8431     3.0527
   27.7500     2.9386     2.8431     3.0527
   28.0000     2.9386     2.8431     3.0527
   28.2500     2.9386     2.8431     3.0527
   28.5000     2.9386     2.8431     3.0527
   28.7500     2.9386     2.8431     3.0527
   29.0000     2.9386     2.8431     3.0527
   29.2500     2.9386     2.8431     3.0527
   29.5000     2.9543     2.8431     3.0527
   29.7500     2.9620     2.8452     3.0614
   30.0000     2.9764     2.8587     3.0881
   30.2500     2.9764     2.8595     3.1136
   30.5000     2.9899     2.8595     3.1250
   30.7500     2.9973     2.8921     3.1308
   31.0000     2.9978     2.8921     3.1316
   31.2500     2.9978     2.8921     3.1316
   31.5000     2.9978     2.8921     3.1316
   31.7500     2.9978     2.8921     3.1316
   32.0000     2.9978     2.8921     3.1316
   32.2500     2.9978     2.8921     3.1316
   32.5000     2.9978     2.8921     3.1316
   32.7500     2.9978     2.8921     3.1316
   33.0000     2.9978     2.8921     3.1316
   33.2500     2.9978     2.8921     3.1316
   33.5000     2.9978     2.8921     3.1316
   33.7500     2.9978     2.8921     3.1316
   34.0000     2.9978     2.8921     3.1316
   34.2500     2.9978     2.8921     3.1316
   34.5000     2.9978     2.8921     3.1316
   34.7500     2.9978     2.8921     3.1316
   35.0000     2.9978     2.8921     3.1316
   35.2500     2.9978     2.8921     3.1316
   35.5000     2.9978     2.8921     3.1316
   35.7500     2.9978     2.8921     3.1316
   36.0000     2.9978     2.8921     3.1316
   36.2500     2.9978     2.8921     3.1316
   36.5000     2.9978     2.8921     3.1316
   36.7500     2.9978     2.8921     3.1316
   37.0000     2.9978     2.8921     3.1316
   37.2500     2.9978     2.8921     3.1316
   37.5000     2.9978     2.8921     3.1316
   37.7500     2.9978     2.8921     3.1316
   38.0000     2.9978     2.8921     3.1316
   38.2500     2.9978     2.8921     3.1316
   38.5000     2.9978     2.8921     3.1316
   38.7500     2.9978     2.8921     3.1316
   39.0000     2.9978     2.8921     3.1316
   39.2500     2.9978     2.8921     3.1316
   39.5000     2.9978     2.8921     3.1316
   39.7500     2.9978     2.8921     3.1316
   40.0000     2.9978     2.8921     3.1316
   40.2500     2.9978     2.8921     3.1316
   40.5000     2.9978     2.8921     3.1316
   40.7500     2.9978     2.8921     3.1316
   41.0000     2.9978     2.8921     3.1316
   41.2500     2.9978     2.8921     3.1316
   41.5000     2.9978     2.8921     3.1316
   41.7500     2.9978     2.8921     3.1316
   42.0000     2.9978     2.8921     3.1316
   42.2500     2.9978     2.8921     3.1316
   42.5000     2.9978     2.8921     3.1316
   42.7500     2.9978     2.8921     3.1316
   43.0000     2.9978     2.8921     3.1316
   43.2500     2.9978     2.8921     3.1316
   43.5000     2.9978     2.8921     3.1316
   43.7500     2.9978     2.8921     3.1316
   44.0000     2.9978     2.8921     3.1316
   44.2500     2.9978     2.8921     3.1316
   44.5000     2.9978     2.8921     3.1316
   44.7500     2.9978     2.8921     3.1316
   45.0000     2.9978     2.8921     3.1316
   45.2500     2.9978     2.8921     3.1316
   45.5000     2.9978     2.8921     3.1316
   45.7500     2.9978     2.8921     3.1316
   46.0000     2.9978     2.8921     3.1316
   46.2500     2.9978     2.8921     3.1316
   46.5000     2.9978     2.8921     3.1316
   46.7500     2.9978     2.8921     3.1316
   47.0000     2.9978     2.8921     3.1316
   47.2500     2.9978     2.8921     3.1316
   47.5000     2.9978     2.8921     3.1316
   47.7500     2.9978     2.8921     3.1316
   48.0000     2.9978     2.8921     3.1316
   48.2500     2.9978     2.8921     3.1316
   48.5000     2.9978     2.8921     3.1316
   48.7500     2.9978     2.8921     3.1316
   49.0000     2.9978     2.8921     3.1316
   49.2500     2.9978     2.8921     3.1316
   49.5000     2.9978     2.8921     3.1316
   49.7500     2.9978     2.8921     3.1316
   50.0000     2.9978     2.8921     3.1316
   50.2500     2.9978     2.8921     3.1316
   50.5000     2.9978     2.8921     3.1316
   50.7500     2.9978     2.8921     3.1316
   51.0000     2.9978     2.8921     3.1316
   51.2500     2.9978     2.8921     3.1316
   51.5000     2.9978     2.8921     3.1316
   51.7500     2.9978     2.8921     3.1316
   52.0000     2.9978     2.8921     3.1316
   52.2500     2.9978     2.8921     3.1316
   52.5000     2.9978     2.8921     3.1316
   52.7500     2.9978     2.8921     3.1316
   53.0000     2.9978     2.8921     3.1316
   53.2500     2.9978     2.8921     3.1316
   53.5000     2.9978     2.8921     3.1316
   53.7500     2.9978     2.8921     3.1316
   54.0000     2.9978     2.8921     3.1316
   54.2500     2.9978     2.8921     3.1316
   54.5000     2.9978     2.8921     3.1316
   54.7500     2.9978     2.8921     3.1316
   55.0000     2.9978     2.8921     3.1316
   55.2500     2.9978     2.8921     3.1316
   55.5000     2.9978     2.8921     3.1316
   55.7500     2.9978     2.8921     3.1316
   56.0000     2.9978     2.8921     3.1316
   56.2500     2.9978     2.8921     3.1316
   56.5000     2.9978     2.8921     3.1316
   56.7500     2.9978     2.8921     3.1316
   57.0000     2.9978     2.8921     3.1316
   57.2500     2.9978     2.8921     3.1316
   57.5000     2.9978     2.8921     3.1316
   57.7500     3.0043     2.8921     3.1316
   58.0000     3.0077     2.8921     3.1342
   58.2500     3.0077     2.8921     3.1353
   58.5000     3.0127     2.8932     3.1435
   58.7500     3.0241     2.9052     3.1715
   59.0000     3.0373     2.9118     3.2087
   59.2500     3.0373     2.9118     3.2088
   59.5000     3.0433     2.9205     3.2131
   59.7500     3.0462     2.9205     3.2166
   60.0000     3.0651     2.9205     3.2459
