# depth_km vs_median_km_s vs_p16 vs_p84
    0.0000     1.6298     1.6283     1.6313
    0.2500     1.6298     1.6283     1.6313
    0.5000     1.6298     1.6283     1.6313
    0.7500     1.6298     1.6283     1.6313
    1.0000     1.6298     1.6283     1.6313
    1.2500     1.6298     1.6283     1.6313
    1.5000     2.9385     2.9306     2.9474
    1.7500     2.9385     2.9306     2.9474
    2.0000     2.9385     2.9306     2.9474
    2.2500     2.9385     2.9306     2.9474
    2.5000     2.9385     2.9306     2.9474
    2.7500     2.9385     2.9306     2.9474
    3.0000     2.9385     2.9306     2.9474
    3.2500     2.9385     2.9306     2.9474
    3.5000     2.9385     2.9306     2.9474
    3.7500     2.9385     2.9306     2.9474
    4.0000     2.9385     2.9306     2.9474
    4.2500     2.9385     2.9306     2.9474
    4.5000     2.9385     2.9306     2.9474
    4.7500     2.9385     2.9306     2.9474
    5.0000     2.9385     2.9306     2.9474
    5.2500     2.9385     2.9306     2.9474
    5.5000     2.7812     2.7217     2.9366
    5.7500     2.7588     2.7160     2.8052
    6.0000     2.7588     2.7160     2.8052
    6.2500     2.7588     2.7160     2.8052
    6.5000     2.7588     2.7160     2.8052
    6.7500     2.7588     2.7160     2.8052
    7.0000     2.7588     2.7160     2.8052
    7.2500     2.7588     2.7160     2.8052
    7.5000     2.7588     2.7160     2.8052
    7.7500     2.7588     2.7160     2.8052
    8.0000     2.7588     2.7160     2.8052
    8.2500     2.7588     2.7160     2.8052
    8.5000     2.7588     2.7160     2.8052
    8.7500     2.7588     2.7160     2.8052
    9.0000     2.7588     2.7160     2.8052
    9.2500     2.7588     2.7160     2.8052
    9.5000     2.7588     2.7160     2.8052
    9.7500     2.7588     2.7160     2.8052
   10.0000     2.7588     2.7160     2.8052
   10.2500     2.7588     2.7160     2.8052
   10.5000     2.7588     2.7160     2.8052
   10.7500     2.7588     2.7160     2.8052
   11.0000     2.7588     2.7160     2.8052
   11.2500     2.7589     2.7160     2.8052
   11.5000     3.1028     2.8330     3.1387
   11.7500     3.1203     3.0815     3.1447
   12.0000     3.1203     3.0815     3.1447
   12.2500     3.1203     3.0815     3.1447
   12.5000     3.1203     3.0815     3.1447
   12.7500     3.1203     3.0815     3.1447
   13.0000     3.1203     3.0815     3.1447
   13.2500     3.1203     3.0815     3.1447
   13.5000     3.1203     3.0815     3.1447
   13.7500     3.1203     3.0815     3.1447
   14.0000     3.1203     3.0815     3.1447
   14.2500     3.1203     3.0815     3.1447
   14.5000     3.1203     3.0815     3.1447
   14.7500     3.1203     3.0815     3.1447
   15.0000     3.1203     3.0815     3.1447
   15.2500     3.1203     3.0815     3.1447
   15.5000     3.1203     3.0815     3.1447
   15.7500     3.1203     3.0815     3.1447
   16.0000     3.1203     3.0815     3.1447
   16.2500     3.1203     3.0815     3.1447
   16.5000     3.1203     3.0815     3.1447
   16.7500     3.1203     3.0815     3.1447
   17.0000     3.1203     3.0815     3.1447
   17.2500     3.1203     3.0815     3.1447
   17.5000     3.1203     3.0815     3.1447
   17.7500     3.1203     3.0815     3.1447
   18.0000     3.1203     3.0815     3.1447
   18.2500     3.1203     3.0815     3.1447
   18.5000     3.1203     3.0815     3.1447
   18.7500     3.1203     3.0815     3.1447
   19.0000     3.1203     3.0815     3.1447
   19.2500     3.1409     3.0896     3.3627
   19.5000     3.2830     3.1375     3.3743
   19.7500     3.3138     3.2572     3.3758
   20.0000     3.3184     3.2685     3.3758
   20.2500     3.3184     3.2685     3.3758
   20.5000     3.3184     3.2685     3.3758
   20.7500     3.3184     3.2685     3.3758
   21.0000     3.3184     3.2685     3.3758
   21.2500     3.3184     3.2685     3.3758
   21.5000     3.3184     3.2685     3.3758
   21.7500     3.3184     3.2685     3.3758
   22.0000     3.3184     3.2685     3.3758
   22.2500     3.3184     3.2685     3.3758
   22.5000     3.3184     3.2685     3.3758
   22.7500     3.3184     3.2685     3.3758
   23.0000     3.3184     3.2685     3.3758
   23.2500     3.3184     3.2685     3.3758
   23.5000     3.3184     3.2685     3.3758
   23.7500     3.3184     3.2685     3.3758
   24.0000     3.3184     3.2685     3.3758
   24.2500     3.3184     3.2685     3.3758
   24.5000     3.3184     3.2685     3.3758
   24.7500     3.3184     3.2685     3.3758
   25.0000     3.3184     3.2685     3.3758
   25.2500     3.3184     3.2685     3.3758
   25.5000     3.3184     3.2685     3.3758
   25.7500     3.3184     3.2685     3.3758
   26.0000     3.3184     3.2685     3.3758
   26.2500     3.3184     3.2685     3.3758
   26.5000     3.3184     3.2685     3.3758
   26.7500     3.3184     3.2685     3.3758
   27.0000     3.3184     3.2685     3.3758
   27.2500     3.3184     3.2685     3.3758
   27.5000     3.3184     3.2685     3.3758
   27.7500     3.3184     3.2685     3.3758
   28.0000     3.3184     3.2685     3.3758
   28.2500     3.3184     3.2685     3.3758
   28.5000     3.3184     3.2685     3.3758
   28.7500     3.3184     3.2685     3.3758
   29.0000     3.3184     3.2685     3.3758
   29.2500     3.3129     3.2656     3.3763
   29.5000     3.3159     3.2574     3.3905
   29.7500     3.3151     3.2389     3.3924
   30.0000     3.3090     3.2389     3.3959
   30.2500     3.3090     3.2389     3.3959
   30.5000     3.3090     3.2389     3.3959
   30.7500     3.3090     3.2389     3.3959
   31.0000     3.3090     3.2389     3.3959
   31.2500     3.3090     3.2389     3.3959
   31.5000     3.3090     3.2389     3.3959
   31.7500     3.3090     3.2389     3.3959
   32.0000     3.3090     3.2389     3.3959
   32.2500     3.3090     3.2389     3.3959
   32.5000     3.3090     3.2389     3.3959
   32.7500     3.3090     3.2389     3.3959
   33.0000     3.3090     3.2389     3.3959
   33.2500     3.3090     3.2389     3.3959
   33.5000     3.3090     3.2389     3.3959
   33.7500     3.3090     3.2389     3.3959
   34.0000     3.3090     3.2389     3.3959
   34.2500     3.3090     3.2389     3.3959
   34.5000     3.3090     3.2389     3.3959
   34.7500     3.3090     3.2389     3.3959
   35.0000     3.3090     3.2389     3.3959
   35.2500     3.3090     3.2389     3.3959
   35.5000     3.3090     3.2389     3.3959
   35.7500     3.3090     3.2389     3.3959
   36.0000     3.3090     3.2389     3.3959
   36.2500     3.3090     3.2389     3.3959
   36.5000     3.3090     3.2389     3.3959
   36.7500     3.3090     3.2389     3.3959
   37.0000     3.3090     3.2389     3.3959
   37.2500     3.3090     3.2389     3.3959
   37.5000     3.3090     3.2389     3.3959
   37.7500     3.3090     3.2389     3.3959
   38.0000     3.3090     3.2389     3.3959
   38.2500     3.3090     3.2389     3.3959
   38.5000     3.3090     3.2389     3.3959
   38.7500     3.3090     3.2389     3.3959
   39.0000     3.3090     3.2389     3.3959
   39.2500     3.3090     3.2389     3.3959
   39.5000     3.3090     3.2389     3.3959
   39.7500     3.3090     3.2389     3.3959
   40.0000     3.3090     3.2389     3.3959
   40.2500     3.3090     3.2389     3.3959
   40.5000     3.3090     3.2389     3.3959
   40.7500     3.3090     3.2389     3.3959
   41.0000     3.3090     3.2389     3.3959
   41.2500     3.3090     3.2389     3.3959
   41.5000     3.3090     3.2389     3.3959
   41.7500     3.3090     3.2389     3.3959
   42.0000     3.3090     3.2389     3.3959
   42.2500     3.3090     3.2389     3.3959
   42.5000     3.3090     3.2389     3.3959
   42.7500     3.3090     3.2389     3.3959
   43.0000     3.3090     3.2389     3.3959
   43.2500     3.3090     3.2389     3.3959
   43.5000     3.3090     3.2389     3.3959
   43.7500     3.3090     3.2389     3.3959
   44.0000     3.3090     3.2389     3.3959
   44.2500     3.3090     3.2389     3.3959
   44.5000     3.3090     3.2389     3.3959
   44.7500     3.3090     3.2389     3.3959
   45.0000     3.3090     3.2389     3.3959
   45.2500     3.3090     3.2389     3.3959
   45.5000     3.3090     3.2389     3.3959
   45.7500     3.3090     3.2389     3.3959
   46.0000     3.3090     3.2389     3.3959
   46.2500     3.3090     3.2389     3.3959
   46.5000     3.3090     3.2389     3.3959
   46.7500     3.3090     3.2389     3.3959
   47.0000     3.3090     3.2389     3.3959
   47.2500     3.3090     3.2389     3.3959
   47.5000     3.3090     3.2389     3.3959
   47.7500     3.3090     3.2389     3.3959
   48.0000     3.3090     3.2389     3.3959
   48.2500     3.3090     3.2389     3.3959
   48.5000     3.3090     3.2389     3.3959
   48.7500     3.3090     3.2389     3.3959
   49.0000     3.3090     3.2389     3.3959
   49.2500     3.3090     3.2389     3.3959
   49.5000     3.3090     3.2389     3.3959
   49.7500     3.3090     3.2389     3.3959
   50.0000     3.3090     3.2389     3.3959
   50.2500     3.3090     3.2389     3.3959
   50.5000     3.3090     3.2389     3.3959
   50.7500     3.3090     3.2389     3.3959
   51.0000     3.3090     3.2389     3.3959
   51.2500     3.3090     3.2389     3.3959
   51.5000     3.3090     3.2389     3.3959
   51.7500     3.3090     3.2389     3.3959
   52.0000     3.3090     3.2389     3.3959
   52.2500     3.3090     3.2389     3.3959
   52.5000     3.3090     3.2389     3.3959
   52.7500     3.3090     3.2389     3.3959
   53.0000     3.3090     3.2389     3.3959
   53.2500     3.3090     3.2389     3.3959
   53.5000     3.3090     3.2389     3.3959
   53.7500     3.3090     3.2389     3.3959
   54.0000     3.3090     3.2389     3.3959
   54.2500     3.3090     3.2389     3.3959
   54.5000     3.3090     3.2389     3.3959
   54.7500     3.3090     3.2389     3.3959
   55.0000     3.3090     3.2389     3.3959
   55.2500     3.3090     3.2389     3.3959
   55.5000     3.3090     3.2389     3.3959
   55.7500     3.3090     3.2389     3.3959
   56.0000     3.3090     3.2389     3.3959
   56.2500     3.3090     3.2389     3.3959
   56.5000     3.3090     3.2389     3.3959
   56.7500     3.3090     3.2389     3.3959
   57.0000     3.3090     3.2389     3.3959
   57.2500     3.3090     3.2389     3.3959
   57.5000     3.3090     3.2389     3.3959
   57.7500     3.3090     3.2389     3.3959
   58.0000     3.3090     3.2389     3.3959
   58.2500     3.3090     3.2389     3.3959
   58.5000     3.3090     3.2389     3.3959
   58.7500     3.3090     3.2389     3.3959
   59.0000     3.3090     3.2389     3.3960
   59.2500     3.3487     3.2479     3.7498
   59.5000     3.4123     3.3082     3.8447
   59.7500     3.7099     3.3298     3.8940
   60.0000     3.7818     3.3949     3.9238
