# depth_km vs_median_km_s vs_p16 vs_p84
    0.0000     1.7460     1.7436     1.7486
    0.2500     1.7460     1.7436     1.7486
    0.5000     1.7460     1.7436     1.7486
    0.7500     1.7460     1.7436     1.7486
    1.0000     1.7460     1.7436     1.7486
    1.2500     1.7460     1.7436     1.7486
    1.5000     1.7460     1.7436     1.7486
    1.7500     4.3165     4.1745     4.5134
    2.0000     4.3165     4.1745     4.5134
    2.2500     4.3165     4.1745     4.5134
    2.5000     4.3165     4.1745     4.5134
    2.7500     4.3165     4.1745     4.5134
    3.0000     4.3165     4.1745     4.5134
    3.2500     4.3165     4.1745     4.5134
    3.5000     4.3165     4.1745     4.5134
    3.7500     4.3165     4.1745     4.5134
    4.0000     4.3165     4.1745     4.5134
    4.2500     4.3165     4.1745     4.5134
    4.5000     4.3165     4.1745     4.5134
    4.7500     4.3165     4.1745     4.5134
    5.0000     4.3165     4.1745     4.5134
    5.2500     4.3165     4.1745     4.5134
    5.5000     4.2629     2.5068     4.5077
    5.7500     2.4984     2.4288     4.1676
    6.0000     2.4983     2.4288     2.7466
    6.2500     2.4983     2.4288     2.7466
    6.5000     2.4983     2.4288     2.7466
    6.7500     2.4983     2.4288     2.7466
    7.0000     2.4983     2.4288     2.7466
    7.2500     2.4983     2.4288     2.7466
    7.5000     2.4983     2.4288     2.7466
    7.7500     2.4983     2.4288     2.7466
    8.0000     2.4983     2.4288     2.7466
    8.2500     2.4983     2.4288     2.7466
    8.5000     2.4983     2.4288     2.7466
    8.7500     2.4983     2.4288     2.7466
    9.0000     2.4983     2.4288     2.7466
    9.2500     2.4983     2.4288     2.7466
    9.5000     2.4983     2.4288     2.7466
    9.7500     2.4983     2.4288     2.7466
   10.0000     2.4983     2.4288     2.7466
   10.2500     2.4983     2.4288     2.7466
   10.5000     2.4983     2.4288     2.7466
   10.7500     2.4983     2.4288     2.7466
   11.0000     2.4983     2.4288     2.7466
   11.2500     2.4983     2.4288     2.7466
   11.5000     2.5113     2.4288     2.7826
   11.7500     2.8086     2.6842     3.0071
   12.0000     2.8200     2.7483     3.0071
   12.2500     2.8200     2.7483     3.0071
   12.5000     2.8200     2.7483     3.0071
   12.7500     2.8200     2.7483     3.0071
   13.0000     2.8200     2.7483     3.0071
   13.2500     2.8200     2.7483     3.0071
   13.5000     2.8200     2.7483     3.0071
   13.7500     2.8200     2.7483     3.0071
   14.0000     2.8200     2.7483     3.0071
   14.2500     2.8200     2.7483     3.0071
   14.5000     2.8200     2.7483     3.0071
   14.7500     2.8200     2.7483     3.0071
   15.0000     2.8200     2.7483     3.0071
   15.2500     2.8200     2.7483     3.0071
   15.5000     2.8200     2.7483     3.0071
   15.7500     2.8200     2.7483     3.0071
   16.0000     2.8200     2.7483     3.0071
   16.2500     2.8200     2.7483     3.0071
   16.5000     2.8200     2.7483     3.0071
   16.7500     2.8200     2.7483     3.0071
   17.0000     2.8200     2.7483     3.0071
   17.2500     2.8200     2.7483     3.0071
   17.5000     2.8200     2.7483     3.0071
   17.7500     2.8200     2.7483     3.0071
   18.0000     2.8200     2.7483     3.0071
   18.2500     2.8200     2.7483     3.0071
   18.5000     2.8200     2.7483     3.0071
   18.7500     2.8200     2.7483     3.0071
   19.0000     2.8200     2.7483     3.0071
   19.2500     2.8872     2.7483     3.2458
   19.5000     2.8917     2.7483     3.2486
   19.7500     3.0669     2.8308     3.2486
   20.0000     3.0869     2.9611     3.2486
   20.2500     3.0869     2.9805     3.2486
   20.5000     3.0869     2.9805     3.2486
   20.7500     3.0869     2.9805     3.2486
   21.0000     3.0869     2.9805     3.2486
   21.2500     3.0869     2.9805     3.2486
   21.5000     3.0869     2.9805     3.2486
   21.7500     3.0869     2.9805     3.2486
   22.0000     3.0869     2.9805     3.2486
   22.2500     3.0869     2.9805     3.2486
   22.5000     3.0869     2.9805     3.2486
   22.7500     3.0869     2.9805     3.2486
   23.0000     3.0869     2.9805     3.2486
   23.2500     3.0869     2.9805     3.2486
   23.5000     3.0869     2.9805     3.2486
   23.7500     3.0869     2.9805     3.2486
   24.0000     3.0869     2.9805     3.2486
   24.2500     3.0869     2.9805     3.2486
   24.5000     3.0869     2.9805     3.2486
   24.7500     3.0869     2.9805     3.2486
   25.0000     3.0869     2.9805     3.2486
   25.2500     3.0869     2.9805     3.2486
   25.5000     3.0869     2.9805     3.2486
   25.7500     3.0869     2.9805     3.2486
   26.0000     3.0869     2.9805     3.2486
   26.2500     3.0869     2.9805     3.2486
   26.5000     3.0869     2.9805     3.2486
   26.7500     3.0869     2.9805     3.2486
   27.0000     3.0869     2.9805     3.2486
   27.2500     3.0869     2.9805     3.2486
   27.5000     3.0869     2.9805     3.2486
   27.7500     3.0869     2.9805     3.2486
   28.0000     3.0869     2.9805     3.2486
   28.2500     3.0869     2.9805     3.2486
   28.5000     3.0869     2.9805     3.2486
   28.7500     3.0869     2.9805     3.2486
   29.0000     3.0869     2.9805     3.2486
   29.2500     3.0869     2.9805     3.8953
   29.5000     3.1142     2.9805     3.8953
   29.7500     3.6404     3.0198     3.8953
   30.0000     3.6778     3.4252     3.8953
   30.2500     3.7188     3.4725     3.8953
   30.5000     3.7188     3.4725     3.8953
   30.7500     3.7188     3.4725     3.8953
   31.0000     3.7188     3.4725     3.8953
   31.2500     3.7188     3.4725     3.8953
   31.5000     3.7188     3.4725     3.8953
   31.7500     3.7188     3.4725     3.8953
   32.0000     3.7188     3.4725     3.8953
   32.2500     3.7188     3.4725     3.8953
   32.5000     3.7188     3.4725     3.8953
   32.7500     3.7188     3.4725     3.8953
   33.0000     3.7188     3.4725     3.8953
   33.2500     3.7188     3.4725     3.8953
   33.5000     3.7188     3.4725     3.8953
   33.7500     3.7188     3.4725     3.8953
   34.0000     3.7188     3.4725     3.8953
   34.2500     3.7188     3.4725     3.8953
   34.5000     3.7188     3.4725     3.8953
   34.7500     3.7188     3.4725     3.8953
   35.0000     3.7188     3.4725     3.8953
   35.2500     3.7188     3.4725     3.8953
   35.5000     3.7188     3.4725     3.8953
   35.7500     3.7188     3.4725     3.8953
   36.0000     3.7188     3.4725     3.8953
   36.2500     3.7188     3.4725     3.8953
   36.5000     3.7188     3.4725     3.8953
   36.7500     3.7188     3.4725     3.8953
   37.0000     3.7188     3.4725     3.8953
   37.2500     3.7188     3.4725     3.8953
   37.5000     3.7188     3.4725     3.8953
   37.7500     3.7188     3.4725     3.8953
   38.0000     3.7188     3.4725     3.8953
   38.2500     3.7188     3.4725     3.8953
   38.5000     3.7188     3.4725     3.8953
   38.7500     3.7188     3.4725     3.8953
   39.0000     3.7188     3.4725     3.8953
   39.2500     3.7188     3.4725     3.8953
   39.5000     3.7188     3.4725     3.8953
   39.7500     3.7188     3.4725     3.8953
   40.0000     3.7188     3.4725     3.8953
   40.2500     3.7188     3.4725     3.8953
   40.5000     3.7188     3.4725     3.8953
   40.7500     3.7188     3.4725     3.8953
   41.0000     3.7188     3.4725     3.8953
   41.2500     3.7188     3.4725     3.8953
   41.5000     3.7188     3.4725     3.8953
   41.7500     3.7188     3.4725     3.8953
   42.0000     3.7188     3.4725     3.8953
   42.2500     3.7188     3.4725     3.8953
   42.5000     3.7188     3.4725     3.8953
   42.7500     3.7188     3.4725     3.8953
   43.0000     3.7188     3.4725     3.8953
   43.2500     3.7188     3.4725     3.8953
   43.5000     3.7188     3.4725     3.8953
   43.7500     3.7188     3.4725     3.8953
   44.0000     3.7188     3.4725     3.8953
   44.2500     3.7188     3.4725     3.8953
   44.5000     3.7188     3.4725     3.8953
   44.7500     3.7188     3.4725     3.8953
   45.0000     3.7188     3.4725     3.8953
   45.2500     3.7188     3.4725     3.8953
   45.5000     3.7188     3.4725     3.8953
   45.7500     3.7188     3.4725     3.8953
   46.0000     3.7188     3.4725     3.8953
   46.2500     3.7188     3.4725     3.8953
   46.5000     3.7188     3.4725     3.8953
   46.7500     3.7188     3.4725     3.8953
   47.0000     3.7188     3.4725     3.8953
   47.2500     3.7188     3.4725     3.8953
   47.5000     3.7188     3.4725     3.8953
   47.7500     3.7188     3.4725     3.8953
   48.0000     3.7188     3.4725     3.8953
   48.2500     3.7188     3.4725     3.8953
   48.5000     3.7188     3.4725     3.8953
   48.7500     3.7188     3.4725     3.8953
   49.0000     3.7188     3.4725     3.8953
   49.2500     3.7188     3.4725     3.8953
   49.5000     3.7188     3.4725     3.8953
   49.7500     3.7188     3.4725     3.8953
   50.0000     3.7188     3.4725     3.8953
   50.2500     3.7188     3.4725     3.8953
   50.5000     3.7188     3.4725     3.8953
   50.7500     3.7188     3.4725     3.8953
   51.0000     3.7188     3.4725     3.8953
   51.2500     3.7188     3.4725     3.8953
   51.5000     3.7188     3.4725     3.8953
   51.7500     3.7188     3.4725     3.8953
   52.0000     3.7188     3.4725     3.8953
   52.2500     3.7188     3.4725     3.8953
   52.5000     3.7188     3.4725     3.8953
   52.7500     3.7188     3.4725     3.8953
   53.0000     3.7188     3.4725     3.8953
   53.2500     3.7188     3.4725     3.8953
   53.5000     3.7188     3.4725     3.8953
   53.7500     3.7188     3.4725     3.8953
   54.0000     3.7188     3.4725     3.8953
   54.2500     3.7188     3.4725     3.8953
   54.5000     3.7188     3.4725     3.8953
   54.7500     3.7188     3.4725     3.8953
   55.0000     3.7188     3.4725     3.8953
   55.2500     3.7188     3.4725     3.8953
   55.5000     3.7188     3.4725     3.8953
   55.7500     3.7188     3.4725     3.8953
   56.0000     3.7188     3.4725     3.8953
   56.2500     3.7188     3.4725     3.8953
   56.5000     3.7188     3.4725     3.8953
   56.7500     3.7188     3.4725     3.8953
   57.0000     3.7188     3.4725     3.8953
   57.2500     3.7188     3.4725     3.8953
   57.5000     3.7188     3.4725     3.8953
   57.7500     3.7188     3.4725     3.8953
   58.0000     3.7188     3.4725     3.8953
   58.2500     3.7188     3.4725     3.8953
   58.5000     3.7188     3.4725     3.8953
   58.7500     3.7188     3.4725     3.8967
   59.0000     3.7468     3.4725     3.9810
   59.2500     3.8208     3.6135     4.1421
   59.5000     3.8482     3.6282     4.1634
   59.7500     4.0068     3.6383     4.3458
   60.0000     4.1441     3.6816     4.3486
