# depth_km vs_median_km_s vs_p16 vs_p84
    0.0000     1.9539     1.9483     1.9597
    0.2500     1.9539     1.9483     1.9597
    0.5000     1.9539     1.9483     1.9597
    0.7500     1.9539     1.9483     1.9597
    1.0000     1.9539     1.9483     1.9597
    1.2500     1.9539     1.9483     1.9597
    1.5000     1.9539     1.9483     1.9597
    1.7500     1.9541     1.9487     1.9600
    2.0000     2.7435     2.7089     2.7676
    2.2500     2.7435     2.7089     2.7676
    2.5000     2.7435     2.7089     2.7676
    2.7500     2.7435     2.7089     2.7676
    3.0000     2.7435     2.7089     2.7676
    3.2500     2.7435     2.7089     2.7676
    3.5000     2.7435     2.7089     2.7676
    3.7500     2.7435     2.7089     2.7676
    4.0000     2.7435     2.7089     2.7676
    4.2500     2.7435     2.7089     2.7676
    4.5000     2.7435     2.7089     2.7676
    4.7500     2.7435     2.7089     2.7676
    5.0000     2.7435     2.7089     2.7676
    5.2500     2.7435     2.7089     2.7676
    5.5000     2.7435     2.7089     2.7676
    5.7500     2.7449     2.7117     2.7686
    6.0000     2.7336     2.6873     2.8072
    6.2500     2.7326     2.6855     2.8158
    6.5000     2.7326     2.6855     2.8158
    6.7500     2.7326     2.6855     2.8158
    7.0000     2.7326     2.6855     2.8158
    7.2500     2.7326     2.6855     2.8158
    7.5000     2.7326     2.6855     2.8158
    7.7500     2.7326     2.6855     2.8158
    8.0000     2.7326     2.6855     2.8158
    8.2500     2.7326     2.6855     2.8158
    8.5000     2.7326     2.6855     2.8158
    8.7500     2.7326     2.6855     2.8158
    9.0000     2.7326     2.6855     2.8158
    9.2500     2.7326     2.6855     2.8158
    9.5000     2.7326     2.6855     2.8158
    9.7500     2.7326     2.6855     2.8158
   10.0000     2.7326     2.6855     2.8158
   10.2500     2.7326     2.6855     2.8158
   10.5000     2.7326     2.6855     2.8158
   10.7500     2.7326     2.6855     2.8158
   11.0000     2.7326     2.6855     2.8158
   11.2500     2.7326     2.6855     2.8158
   11.5000     2.7326     2.6855     2.8158
   11.7500     2.7326     2.6855     2.8158
   12.0000     3.0220     2.8247     3.0923
   12.2500     3.0454     3.0061     3.1105
   12.5000     3.0454     3.0061     3.1105
   12.7500     3.0454     3.0061     3.1105
   13.0000     3.0454     3.0061     3.1105
   13.2500     3.0454     3.0061     3.1105
   13.5000     3.0454     3.0061     3.1105
   13.7500     3.0454     3.0061     3.1105
   14.0000     3.0454     3.0061     3.1105
   14.2500     3.0454     3.0061     3.1105
   14.5000     3.0454     3.0061     3.1105
   14.7500     3.0454     3.0061     3.1105
   15.0000     3.0454     3.0061     3.1105
   15.2500     3.0454     3.0061     3.1105
   15.5000     3.0454     3.0061     3.1105
   15.7500     3.0454     3.0061     3.1105
   16.0000     3.0454     3.0061     3.1105
   16.2500     3.0454     3.0061     3.1105
   16.5000     3.0454     3.0061     3.1105
   16.7500     3.0454     3.0061     3.1105
   17.0000     3.0454     3.0061     3.1105
   17.2500     3.0454     3.0061     3.1105
   17.5000     3.0454     3.0061     3.1105
   17.7500     3.0454     3.0061     3.1105
   18.0000     3.0454     3.0061     3.1105
   18.2500     3.0454     3.0061     3.1105
   18.5000     3.0454     3.0061     3.1105
   18.7500     3.0454     3.0061     3.1105
   19.0000     3.0454     3.0061     3.1105
   19.2500     3.0454     3.0061     3.1105
   19.5000     3.0454     3.0061     3.1105
   19.7500     3.0494     3.0073     3.1150
   20.0000     3.0907     3.0189     3.1544
   20.2500     3.0958     3.0719     3.1407
   20.5000     3.0990     3.0738     3.1473
   20.7500     3.0990     3.0738     3.1473
   21.0000     3.0990     3.0738     3.1473
   21.2500     3.0990     3.0738     3.1473
   21.5000     3.0990     3.0738     3.1473
   21.7500     3.0990     3.0738     3.1473
   22.0000     3.0990     3.0738     3.1473
   22.2500     3.0990     3.0738     3.1473
   22.5000     3.0990     3.0738     3.1473
   22.7500     3.0990     3.0738     3.1473
   23.0000     3.0990     3.0738     3.1473
   23.2500     3.0990     3.0738     3.1473
   23.5000     3.0990     3.0738     3.1473
   23.7500     3.0990     3.0738     3.1473
   24.0000     3.0990     3.0738     3.1473
   24.2500     3.0990     3.0738     3.1473
   24.5000     3.0990     3.0738     3.1473
   24.7500     3.0990     3.0738     3.1473
   25.0000     3.0990     3.0738     3.1473
   25.2500     3.0990     3.0738     3.1473
   25.5000     3.0990     3.0738     3.1473
   25.7500     3.0990     3.0738     3.1473
   26.0000     3.0990     3.0738     3.1473
   26.2500     3.0990     3.0738     3.1473
   26.5000     3.0990     3.0738     3.1473
   26.7500     3.0990     3.0738     3.1473
   27.0000     3.0990     3.0738     3.1473
   27.2500     3.0990     3.0738     3.1473
   27.5000     3.0990     3.0738     3.1473
   27.7500     3.0990     3.0738     3.1473
   28.0000     3.0990     3.0738     3.1473
   28.2500     3.0990     3.0738     3.1473
   28.5000     3.0990     3.0738     3.1473
   28.7500     3.0990     3.0738     3.1473
   29.0000     3.0990     3.0738     3.1473
   29.2500     3.0990     3.0738     3.1473
   29.5000     3.0990     3.0738     3.1473
   29.7500     3.0990     3.0738     3.1473
   30.0000     3.1018     3.0738     3.2578
   30.2500     3.2689     3.1023     3.4194
   30.5000     3.2952     3.1291     3.4251
   30.7500     3.3052     3.2422     3.4251
   31.0000     3.3052     3.2433     3.4251
   31.2500     3.3052     3.2433     3.4251
   31.5000     3.3052     3.2433     3.4251
   31.7500     3.3052     3.2433     3.4251
   32.0000     3.3052     3.2433     3.4251
   32.2500     3.3052     3.2433     3.4251
   32.5000     3.3052     3.2433     3.4251
   32.7500     3.3052     3.2433     3.4251
   33.0000     3.3052     3.2433     3.4251
   33.2500     3.3052     3.2433     3.4251
   33.5000     3.3052     3.2433     3.4251
   33.7500     3.3052     3.2433     3.4251
   34.0000     3.3052     3.2433     3.4251
   34.2500     3.3052     3.2433     3.4251
   34.5000     3.3052     3.2433     3.4251
   34.7500     3.3052     3.2433     3.4251
   35.0000     3.3052     3.2433     3.4251
   35.2500     3.3052     3.2433     3.4251
   35.5000     3.3052     3.2433     3.4251
   35.7500     3.3052     3.2433     3.4251
   36.0000     3.3052     3.2433     3.4251
   36.2500     3.3052     3.2433     3.4251
   36.5000     3.3052     3.2433     3.4251
   36.7500     3.3052     3.2433     3.4251
   37.0000     3.3052     3.2433     3.4251
   37.2500     3.3052     3.2433     3.4251
   37.5000     3.3052     3.2433     3.4251
   37.7500     3.3052     3.2433     3.4251
   38.0000     3.3052     3.2433     3.4251
   38.2500     3.3052     3.2433     3.4251
   38.5000     3.3052     3.2433     3.4251
   38.7500     3.3052     3.2433     3.4251
   39.0000     3.3052     3.2433     3.4251
   39.2500     3.3052     3.2433     3.4251
   39.5000     3.3052     3.2433     3.4251
   39.7500     3.3052     3.2433     3.4251
   40.0000     3.3052     3.2433     3.4251
   40.2500     3.3052     3.2433     3.4251
   40.5000     3.3052     3.2433     3.4251
   40.7500     3.3052     3.2433     3.4251
   41.0000     3.3052     3.2433     3.4251
   41.2500     3.3052     3.2433     3.4251
   41.5000     3.3052     3.2433     3.4251
   41.7500     3.3052     3.2433     3.4251
   42.0000     3.3052     3.2433     3.4251
   42.2500     3.3052     3.2433     3.4251
   42.5000     3.3052     3.2433     3.4251
   42.7500     3.3052     3.2433     3.4251
   43.0000     3.3052     3.2433     3.4251
   43.2500     3.3052     3.2433     3.4251
   43.5000     3.3052     3.2433     3.4251
   43.7500     3.3052     3.2433     3.4251
   44.0000     3.3052     3.2433     3.4251
   44.2500     3.3052     3.2433     3.4251
   44.5000     3.3052     3.2433     3.4251
   44.7500     3.3052     3.2433     3.4251
   45.0000     3.3052     3.2433     3.4251
   45.2500     3.3052     3.2433     3.4251
   45.5000     3.3052     3.2433     3.4251
   45.7500     3.3052     3.2433     3.4251
   46.0000     3.3052     3.2433     3.4251
   46.2500     3.3052     3.2433     3.4251
   46.5000     3.3052     3.2433     3.4251
   46.7500     3.3052     3.2433     3.4251
   47.0000     3.3052     3.2433     3.4251
   47.2500     3.3052     3.2433     3.4251
   47.5000     3.3052     3.2433     3.4251
   47.7500     3.3052     3.2433     3.4251
   48.0000     3.3052     3.2433     3.4251
   48.2500     3.3052     3.2433     3.4251
   48.5000     3.3052     3.2433     3.4251
   48.7500     3.3052     3.2433     3.4251
   49.0000     3.3052     3.2433     3.4251
   49.2500     3.3052     3.2433     3.4251
   49.5000     3.3052     3.2433     3.4251
   49.7500     3.3052     3.2433     3.4251
   50.0000     3.3052     3.2433     3.4251
   50.2500     3.3052     3.2433     3.4251
   50.5000     3.3052     3.2433     3.4251
   50.7500     3.3052     3.2433     3.4251
   51.0000     3.3052     3.2433     3.4251
   51.2500     3.3052     3.2433     3.4251
   51.5000     3.3052     3.2433     3.4251
   51.7500     3.3052     3.2433     3.4251
   52.0000     3.3052     3.2433     3.4251
   52.2500     3.3052     3.2433     3.4251
   52.5000     3.3052     3.2433     3.4251
   52.7500     3.3052     3.2433     3.4251
   53.0000     3.3052     3.2433     3.4251
   53.2500     3.3052     3.2433     3.4251
   53.5000     3.3052     3.2433     3.4251
   53.7500     3.3052     3.2433     3.4251
   54.0000     3.3052     3.2433     3.4251
   54.2500     3.3052     3.2433     3.4251
   54.5000     3.3052     3.2433     3.4251
   54.7500     3.3052     3.2433     3.4251
   55.0000     3.3052     3.2433     3.4251
   55.2500     3.3052     3.2433     3.4251
   55.5000     3.3052     3.2433     3.4251
   55.7500     3.3052     3.2433     3.4251
   56.0000     3.3052     3.2433     3.4251
   56.2500     3.3052     3.2433     3.4251
   56.5000     3.3052     3.2433     3.4251
   56.7500     3.3052     3.2433     3.4251
   57.0000     3.3052     3.2433     3.4251
   57.2500     3.3052     3.2433     3.4251
   57.5000     3.3052     3.2433     3.4251
   57.7500     3.3052     3.2433     3.4251
   58.0000     3.3052     3.2433     3.4251
   58.2500     3.3052     3.2433     3.4251
   58.5000     3.3052     3.2433     3.4251
   58.7500     3.3052     3.2433     3.4251
   59.0000     3.3052     3.2433     3.4251
   59.2500     3.3052     3.2433     3.4251
   59.5000     3.3072     3.2448     3.4289
   59.7500     3.3548     3.2662     3.6766
   60.0000     3.4356     3.2823     3.7840
