# depth_km vs_median_km_s vs_p16 vs_p84
    0.0000     1.8346     1.8322     1.8374
    0.2500     1.8346     1.8322     1.8374
    0.5000     1.8346     1.8322     1.8374
    0.7500     1.8346     1.8322     1.8374
    1.0000     1.8346     1.8322     1.8374
    1.2500     1.8346     1.8322     1.8374
    1.5000     1.8346     1.8322     1.8374
    1.7500     1.8346     1.8322     1.8374
    2.0000     2.6254     2.5831     2.6819
    2.2500     2.6254     2.5831     2.6819
    2.5000     2.6254     2.5831     2.6819
    2.7500     2.6254     2.5831     2.6819
    3.0000     2.6254     2.5831     2.6819
    3.2500     2.6254     2.5831     2.6819
    3.5000     2.6254     2.5831     2.6819
    3.7500     2.6254     2.5831     2.6819
    4.0000     2.6254     2.5831     2.6819
    4.2500     2.6254     2.5831     2.6819
    4.5000     2.6254     2.5831     2.6819
    4.7500     2.6254     2.5831     2.6819
    5.0000     2.6254     2.5831     2.6819
    5.2500     2.6254     2.5831     2.6819
    5.5000     2.6254     2.5831     2.6819
    5.7500     2.6230     2.5674     2.6819
    6.0000     2.5126     2.4743     2.6290
    6.2500     2.5125     2.4743     2.5596
    6.5000     2.5125     2.4743     2.5596
    6.7500     2.5125     2.4743     2.5596
    7.0000     2.5125     2.4743     2.5596
    7.2500     2.5125     2.4743     2.5596
    7.5000     2.5125     2.4743     2.5596
    7.7500     2.5125     2.4743     2.5596
    8.0000     2.5125     2.4743     2.5596
    8.2500     2.5125     2.4743     2.5596
    8.5000     2.5125     2.4743     2.5596
    8.7500     2.5125     2.4743     2.5596
    9.0000     2.5125     2.4743     2.5596
    9.2500     2.5125     2.4743     2.5596
    9.5000     2.5125     2.4743     2.5596
    9.7500     2.5125     2.4743     2.5596
   10.0000     2.5125     2.4743     2.5596
   10.2500     2.5125     2.4743     2.5596
   10.5000     2.5125     2.4743     2.5596
   10.7500     2.5125     2.4743     2.5596
   11.0000     2.5125     2.4743     2.5596
   11.2500     2.5125     2.4743     2.5596
   11.5000     2.5125     2.4743     2.5596
   11.7500     2.5365     2.4773     2.6010
   12.0000     2.7695     2.5921     2.9257
   12.2500     2.7743     2.6757     2.9257
   12.5000     2.7743     2.6757     2.9257
   12.7500     2.7743     2.6757     2.9257
   13.0000     2.7743     2.6757     2.9257
   13.2500     2.7743     2.6757     2.9257
   13.5000     2.7743     2.6757     2.9257
   13.7500     2.7743     2.6757     2.9257
   14.0000     2.7743     2.6757     2.9257
   14.2500     2.7743     2.6757     2.9257
   14.5000     2.7743     2.6757     2.9257
   14.7500     2.7743     2.6757     2.9257
   15.0000     2.7743     2.6757     2.9257
   15.2500     2.7743     2.6757     2.9257
   15.5000     2.7743     2.6757     2.9257
   15.7500     2.7743     2.6757     2.9257
   16.0000     2.7743     2.6757     2.9257
   16.2500     2.7743     2.6757     2.9257
   16.5000     2.7743     2.6757     2.9257
   16.7500     2.7743     2.6757     2.9257
   17.0000     2.7743     2.6757     2.9257
   17.2500     2.7743     2.6757     2.9257
   17.5000     2.7743     2.6757     2.9257
   17.7500     2.7743     2.6757     2.9257
   18.0000     2.7743     2.6757     2.9257
   18.2500     2.7743     2.6757     2.9257
   18.5000     2.7743     2.6757     2.9257
   18.7500     2.7743     2.6757     2.9257
   19.0000     2.7743     2.6757     2.9257
   19.2500     2.7743     2.6757     2.9257
   19.5000     2.7801     2.6757     2.9603
   19.7500     2.8360     2.6757     3.2025
   20.0000     2.9197     2.7144     3.2025
   20.2500     3.1009     2.7844     3.2025
   20.5000     3.1041     3.0084     3.2025
   20.7500     3.1041     3.0084     3.2025
   21.0000     3.1041     3.0084     3.2025
   21.2500     3.1041     3.0084     3.2025
   21.5000     3.1041     3.0084     3.2025
   21.7500     3.1041     3.0084     3.2025
   22.0000     3.1041     3.0084     3.2025
   22.2500     3.1041     3.0084     3.2025
   22.5000     3.1041     3.0084     3.2025
   22.7500     3.1041     3.0084     3.2025
   23.0000     3.1041     3.0084     3.2025
   23.2500     3.1041     3.0084     3.2025
   23.5000     3.1041     3.0084     3.2025
   23.7500     3.1041     3.0084     3.2025
   24.0000     3.1041     3.0084     3.2025
   24.2500     3.1041     3.0084     3.2025
   24.5000     3.1041     3.0084     3.2025
   24.7500     3.1041     3.0084     3.2025
   25.0000     3.1041     3.0084     3.2025
   25.2500     3.1041     3.0084     3.2025
   25.5000     3.1041     3.0084     3.2025
   25.7500     3.1041     3.0084     3.2025
   26.0000     3.1041     3.0084     3.2025
   26.2500     3.1041     3.0084     3.2025
   26.5000     3.1041     3.0084     3.2025
   26.7500     3.1041     3.0084     3.2025
   27.0000     3.1041     3.0084     3.2025
   27.2500     3.1041     3.0084     3.2025
   27.5000     3.1041     3.0084     3.2025
   27.7500     3.1041     3.0084     3.2025
   28.0000     3.1041     3.0084     3.2025
   28.2500     3.1041     3.0084     3.2025
   28.5000     3.1041     3.0084     3.2025
   28.7500     3.1041     3.0084     3.2025
   29.0000     3.1041     3.0084     3.2025
   29.2500     3.1041     3.0084     3.2025
   29.5000     3.1041     3.0084     3.2110
   29.7500     3.1061     3.0084     3.6465
   30.0000     3.5110     3.0084     3.7432
   30.2500     3.5293     3.0958     3.7444
   30.5000     3.5569     3.4779     3.7447
   30.7500     3.5569     3.4779     3.7447
   31.0000     3.5569     3.4779     3.7447
   31.2500     3.5569     3.4779     3.7447
   31.5000     3.5569     3.4779     3.7447
   31.7500     3.5569     3.4779     3.7447
   32.0000     3.5569     3.4779     3.7447
   32.2500     3.5569     3.4779     3.7447
   32.5000     3.5569     3.4779     3.7447
   32.7500     3.5569     3.4779     3.7447
   33.0000     3.5569     3.4779     3.7447
   33.2500     3.5569     3.4779     3.7447
   33.5000     3.5569     3.4779     3.7447
   33.7500     3.5569     3.4779     3.7447
   34.0000     3.5569     3.4779     3.7447
   34.2500     3.5569     3.4779     3.7447
   34.5000     3.5569     3.4779     3.7447
   34.7500     3.5569     3.4779     3.7447
   35.0000     3.5569     3.4779     3.7447
   35.2500     3.5569     3.4779     3.7447
   35.5000     3.5569     3.4779     3.7447
   35.7500     3.5569     3.4779     3.7447
   36.0000     3.5569     3.4779     3.7447
   36.2500     3.5569     3.4779     3.7447
   36.5000     3.5569     3.4779     3.7447
   36.7500     3.5569     3.4779     3.7447
   37.0000     3.5569     3.4779     3.7447
   37.2500     3.5569     3.4779     3.7447
   37.5000     3.5569     3.4779     3.7447
   37.7500     3.5569     3.4779     3.7447
   38.0000     3.5569     3.4779     3.7447
   38.2500     3.5569     3.4779     3.7447
   38.5000     3.5569     3.4779     3.7447
   38.7500     3.5569     3.4779     3.7447
   39.0000     3.5569     3.4779     3.7447
   39.2500     3.5569     3.4779     3.7447
   39.5000     3.5569     3.4779     3.7447
   39.7500     3.5569     3.4779     3.7447
   40.0000     3.5569     3.4779     3.7447
   40.2500     3.5569     3.4779     3.7447
   40.5000     3.5569     3.4779     3.7447
   40.7500     3.5569     3.4779     3.7447
   41.0000     3.5569     3.4779     3.7447
   41.2500     3.5569     3.4779     3.7447
   41.5000     3.5569     3.4779     3.7447
   41.7500     3.5569     3.4779     3.7447
   42.0000     3.5569     3.4779     3.7447
   42.2500     3.5569     3.4779     3.7447
   42.5000     3.5569     3.4779     3.7447
   42.7500     3.5569     3.4779     3.7447
   43.0000     3.5569     3.4779     3.7447
   43.2500     3.5569     3.4779     3.7447
   43.5000     3.5569     3.4779     3.7447
   43.7500     3.5569     3.4779     3.7447
   44.0000     3.5569     3.4779     3.7447
   44.2500     3.5569     3.4779     3.7447
   44.5000     3.5569     3.4779     3.7447
   44.7500     3.5569     3.4779     3.7447
   45.0000     3.5569     3.4779     3.7447
   45.2500     3.5569     3.4779     3.7447
   45.5000     3.5569     3.4779     3.7447
   45.7500     3.5569     3.4779     3.7447
   46.0000     3.5569     3.4779     3.7447
   46.2500     3.5569     3.4779     3.7447
   46.5000     3.5569     3.4779     3.7447
   46.7500     3.5569     3.4779     3.7447
   47.0000     3.5569     3.4779     3.7447
   47.2500     3.5569     3.4779     3.7447
   47.5000     3.5569     3.4779     3.7447
   47.7500     3.5569     3.4779     3.7447
   48.0000     3.5569     3.4779     3.7447
   48.2500     3.5569     3.4779     3.7447
   48.5000     3.5569     3.4779     3.7447
   48.7500     3.5569     3.4779     3.7447
   49.0000     3.5569     3.4779     3.7447
   49.2500     3.5569     3.4779     3.7447
   49.5000     3.5569     3.4779     3.7447
   49.7500     3.5569     3.4779     3.7447
   50.0000     3.5569     3.4779     3.7447
   50.2500     3.5569     3.4779     3.7447
   50.5000     3.5569     3.4779     3.7447
   50.7500     3.5569     3.4779     3.7447
   51.0000     3.5569     3.4779     3.7447
   51.2500     3.5569     3.4779     3.7447
   51.5000     3.5569     3.4779     3.7447
   51.7500     3.5569     3.4779     3.7447
   52.0000     3.5569     3.4779     3.7447
   52.2500     3.5569     3.4779     3.7447
   52.5000     3.5569     3.4779     3.7447
   52.7500     3.5569     3.4779     3.7447
   53.0000     3.5569     3.4779     3.7447
   53.2500     3.5569     3.4779     3.7447
   53.5000     3.5569     3.4779     3.7447
   53.7500     3.5569     3.4779     3.7447
   54.0000     3.5569     3.4779     3.7447
   54.2500     3.5569     3.4779     3.7447
   54.5000     3.5569     3.4779     3.7447
   54.7500     3.5569     3.4779     3.7447
   55.0000     3.5569     3.4779     3.7447
   55.2500     3.5569     3.4779     3.7447
   55.5000     3.5569     3.4779     3.7447
   55.7500     3.5569     3.4779     3.7447
   56.0000     3.5569     3.4779     3.7447
   56.2500     3.5569     3.4779     3.7447
   56.5000     3.5569     3.4779     3.7447
   56.7500     3.5569     3.4779     3.7447
   57.0000     3.5569     3.4779     3.7447
   57.2500     3.5569     3.4779     3.7447
   57.5000     3.5569     3.4779     3.7447
   57.7500     3.5569     3.4779     3.7447
   58.0000     3.5569     3.4779     3.7447
   58.2500     3.5569     3.4779     3.7447
   58.5000     3.5569     3.4779     3.7447
   58.7500     3.5569     3.4779     3.7447
   59.0000     3.5569     3.4779     3.7601
   59.2500     3.6807     3.4779     3.9806
   59.5000     3.7373     3.4862     4.0054
   59.7500     3.9457     3.5080     4.1163
   60.0000     3.9669     3.5150     4.1838
