# depth_km vs_median_km_s vs_p16 vs_p84
    0.0000     1.8036     1.7994     1.8085
    0.2500     1.8036     1.7994     1.8085
    0.5000     1.8036     1.7994     1.8085
    0.7500     1.8036     1.7994     1.8085
    1.0000     1.8036     1.7994     1.8085
    1.2500     1.8036     1.7994     1.8085
    1.5000     1.8036     1.7994     1.8085
    1.7500     2.8469     2.7863     2.9084
    2.0000     2.8479     2.7875     2.9093
    2.2500     2.8479     2.7875     2.9093
    2.5000     2.8479     2.7875     2.9093
    2.7500     2.8479     2.7875     2.9093
    3.0000     2.8479     2.7875     2.9093
    3.2500     2.8479     2.7875     2.9093
    3.5000     2.8479     2.7875     2.9093
    3.7500     2.8479     2.7875     2.9093
    4.0000     2.8479     2.7875     2.9093
    4.2500     2.8479     2.7875     2.9093
    4.5000     2.8479     2.7875     2.9093
    4.7500     2.8479     2.7875     2.9093
    5.0000     2.8479     2.7875     2.9093
    5.2500     2.8479     2.7875     2.9093
    5.5000     2.8479     2.7875     2.9093
    5.7500     2.8374     2.6556     2.9669
    6.0000     2.7275     2.5292     2.9325
    6.2500     2.7275     2.5292     2.9325
    6.5000     2.7275     2.5292     2.9325
    6.7500     2.7275     2.5292     2.9325
    7.0000     2.7275     2.5292     2.9325
    7.2500     2.7275     2.5292     2.9325
    7.5000     2.7275     2.5292     2.9325
    7.7500     2.7275     2.5292     2.9325
    8.0000     2.7275     2.5292     2.9325
    8.2500     2.7275     2.5292     2.9325
    8.5000     2.7275     2.5292     2.9325
    8.7500     2.7275     2.5292     2.9325
    9.0000     2.7275     2.5292     2.9325
    9.2500     2.7275     2.5292     2.9325
    9.5000     2.7275     2.5292     2.9325
    9.7500     2.7275     2.5292     2.9325
   10.0000     2.7275     2.5292     2.9325
   10.2500     2.7275     2.5292     2.9325
   10.5000     2.7275     2.5292     2.9325
   10.7500     2.7275     2.5292     2.9325
   11.0000     2.7275     2.5292     2.9325
   11.2500     2.7275     2.5292     2.9325
   11.5000     2.7275     2.5292     2.9497
   11.7500     2.8168     2.5292     3.1051
   12.0000     2.8166     2.6303     3.1051
   12.2500     2.8166     2.6303     3.1051
   12.5000     2.8166     2.6303     3.1051
   12.7500     2.8166     2.6303     3.1051
   13.0000     2.8166     2.6303     3.1051
   13.2500     2.8166     2.6303     3.1051
   13.5000     2.8166     2.6303     3.1051
   13.7500     2.8166     2.6303     3.1051
   14.0000     2.8166     2.6303     3.1051
   14.2500     2.8166     2.6303     3.1051
   14.5000     2.8166     2.6303     3.1051
   14.7500     2.8166     2.6303     3.1051
   15.0000     2.8166     2.6303     3.1051
   15.2500     2.8166     2.6303     3.1051
   15.5000     2.8166     2.6303     3.1051
   15.7500     2.8166     2.6303     3.1051
   16.0000     2.8166     2.6303     3.1051
   16.2500     2.8166     2.6303     3.1051
   16.5000     2.8166     2.6303     3.1051
   16.7500     2.8166     2.6303     3.1051
   17.0000     2.8166     2.6303     3.1051
   17.2500     2.8166     2.6303     3.1051
   17.5000     2.8166     2.6303     3.1051
   17.7500     2.8166     2.6303     3.1051
   18.0000     2.8166     2.6303     3.1051
   18.2500     2.8166     2.6303     3.1051
   18.5000     2.8166     2.6303     3.1051
   18.7500     2.8166     2.6303     3.1051
   19.0000     2.8166     2.6303     3.1051
   19.2500     2.8166     2.6303     3.1051
   19.5000     2.8551     2.6303     3.3050
   19.7500     2.9318     2.6303     3.3099
   20.0000     3.0929     2.6397     3.3135
   20.2500     3.1242     2.6456     3.3135
   20.5000     3.1348     2.8971     3.3135
   20.7500     3.1348     2.8971     3.3135
   21.0000     3.1348     2.8971     3.3135
   21.2500     3.1348     2.8971     3.3135
   21.5000     3.1348     2.8971     3.3135
   21.7500     3.1348     2.8971     3.3135
   22.0000     3.1348     2.8971     3.3135
   22.2500     3.1348     2.8971     3.3135
   22.5000     3.1348     2.8971     3.3135
   22.7500     3.1348     2.8971     3.3135
   23.0000     3.1348     2.8971     3.3135
   23.2500     3.1348     2.8971     3.3135
   23.5000     3.1348     2.8971     3.3135
   23.7500     3.1348     2.8971     3.3135
   24.0000     3.1348     2.8971     3.3135
   24.2500     3.1348     2.8971     3.3135
   24.5000     3.1348     2.8971     3.3135
   24.7500     3.1348     2.8971     3.3135
   25.0000     3.1348     2.8971     3.3135
   25.2500     3.1348     2.8971     3.3135
   25.5000     3.1348     2.8971     3.3135
   25.7500     3.1348     2.8971     3.3135
   26.0000     3.1348     2.8971     3.3135
   26.2500     3.1348     2.8971     3.3135
   26.5000     3.1348     2.8971     3.3135
   26.7500     3.1348     2.8971     3.3135
   27.0000     3.1348     2.8971     3.3135
   27.2500     3.1348     2.8971     3.3135
   27.5000     3.1348     2.8971     3.3135
   27.7500     3.1348     2.8971     3.3135
   28.0000     3.1348     2.8971     3.3135
   28.2500     3.1348     2.8971     3.3135
   28.5000     3.1348     2.8971     3.3135
   28.7500     3.1348     2.8971     3.3135
   29.0000     3.1348     2.8971     3.3135
   29.2500     3.1348     2.8971     3.3161
   29.5000     3.1348     2.8971     3.4729
   29.7500     3.1398     2.8971     3.4998
   30.0000     3.2262     2.8971     3.5001
   30.2500     3.4213     3.0173     3.5001
   30.5000     3.4648     3.3293     3.5355
   30.7500     3.4648     3.3293     3.5355
   31.0000     3.4648     3.3293     3.5355
   31.2500     3.4648     3.3293     3.5355
   31.5000     3.4648     3.3293     3.5355
   31.7500     3.4648     3.3293     3.5355
   32.0000     3.4648     3.3293     3.5355
   32.2500     3.4648     3.3293     3.5355
   32.5000     3.4648     3.3293     3.5355
   32.7500     3.4648     3.3293     3.5355
   33.0000     3.4648     3.3293     3.5355
   33.2500     3.4648     3.3293     3.5355
   33.5000     3.4648     3.3293     3.5355
   33.7500     3.4648     3.3293     3.5355
   34.0000     3.4648     3.3293     3.5355
   34.2500     3.4648     3.3293     3.5355
   34.5000     3.4648     3.3293     3.5355
   34.7500     3.4648     3.3293     3.5355
   35.0000     3.4648     3.3293     3.5355
   35.2500     3.4648     3.3293     3.5355
   35.5000     3.4648     3.3293     3.5355
   35.7500     3.4648     3.3293     3.5355
   36.0000     3.4648     3.3293     3.5355
   36.2500     3.4648     3.3293     3.5355
   36.5000     3.4648     3.3293     3.5355
   36.7500     3.4648     3.3293     3.5355
   37.0000     3.4648     3.3293     3.5355
   37.2500     3.4648     3.3293     3.5355
   37.5000     3.4648     3.3293     3.5355
   37.7500     3.4648     3.3293     3.5355
   38.0000     3.4648     3.3293     3.5355
   38.2500     3.4648     3.3293     3.5355
   38.5000     3.4648     3.3293     3.5355
   38.7500     3.4648     3.3293     3.5355
   39.0000     3.4648     3.3293     3.5355
   39.2500     3.4648     3.3293     3.5355
   39.5000     3.4648     3.3293     3.5355
   39.7500     3.4648     3.3293     3.5355
   40.0000     3.4648     3.3293     3.5355
   40.2500     3.4648     3.3293     3.5355
   40.5000     3.4648     3.3293     3.5355
   40.7500     3.4648     3.3293     3.5355
   41.0000     3.4648     3.3293     3.5355
   41.2500     3.4648     3.3293     3.5355
   41.5000     3.4648     3.3293     3.5355
   41.7500     3.4648     3.3293     3.5355
   42.0000     3.4648     3.3293     3.5355
   42.2500     3.4648     3.3293     3.5355
   42.5000     3.4648     3.3293     3.5355
   42.7500     3.4648     3.3293     3.5355
   43.0000     3.4648     3.3293     3.5355
   43.2500     3.4648     3.3293     3.5355
   43.5000     3.4648     3.3293     3.5355
   43.7500     3.4648     3.3293     3.5355
   44.0000     3.4648     3.3293     3.5355
   44.2500     3.4648     3.3293     3.5355
   44.5000     3.4648     3.3293     3.5355
   44.7500     3.4648     3.3293     3.5355
   45.0000     3.4648     3.3293     3.5355
   45.2500     3.4648     3.3293     3.5355
   45.5000     3.4648     3.3293     3.5355
   45.7500     3.4648     3.3293     3.5355
   46.0000     3.4648     3.3293     3.5355
   46.2500     3.4648     3.3293     3.5355
   46.5000     3.4648     3.3293     3.5355
   46.7500     3.4648     3.3293     3.5355
   47.0000     3.4648     3.3293     3.5355
   47.2500     3.4648     3.3293     3.5355
   47.5000     3.4648     3.3293     3.5355
   47.7500     3.4648     3.3293     3.5355
   48.0000     3.4648     3.3293     3.5355
   48.2500     3.4648     3.3293     3.5355
   48.5000     3.4648     3.3293     3.5355
   48.7500     3.4648     3.3293     3.5355
   49.0000     3.4648     3.3293     3.5355
   49.2500     3.4648     3.3293     3.5355
   49.5000     3.4648     3.3293     3.5355
   49.7500     3.4648     3.3293     3.5355
   50.0000     3.4648     3.3293     3.5355
   50.2500     3.4648     3.3293     3.5355
   50.5000     3.4648     3.3293     3.5355
   50.7500     3.4648     3.3293     3.5355
   51.0000     3.4648     3.3293     3.5355
   51.2500     3.4648     3.3293     3.5355
   51.5000     3.4648     3.3293     3.5355
   51.7500     3.4648     3.3293     3.5355
   52.0000     3.4648     3.3293     3.5355
   52.2500     3.4648     3.3293     3.5355
   52.5000     3.4648     3.3293     3.5355
   52.7500     3.4648     3.3293     3.5355
   53.0000     3.4648     3.3293     3.5355
   53.2500     3.4648     3.3293     3.5355
   53.5000     3.4648     3.3293     3.5355
   53.7500     3.4648     3.3293     3.5355
   54.0000     3.4648     3.3293     3.5355
   54.2500     3.4648     3.3293     3.5355
   54.5000     3.4648     3.3293     3.5355
   54.7500     3.4648     3.3293     3.5355
   55.0000     3.4648     3.3293     3.5355
   55.2500     3.4648     3.3293     3.5355
   55.5000     3.4648     3.3293     3.5355
   55.7500     3.4648     3.3293     3.5355
   56.0000     3.4648     3.3293     3.5355
   56.2500     3.4648     3.3293     3.5355
   56.5000     3.4648     3.3293     3.5355
   56.7500     3.4648     3.3293     3.5355
   57.0000     3.4648     3.3293     3.5355
   57.2500     3.4648     3.3293     3.5355
   57.5000     3.4648     3.3293     3.5355
   57.7500     3.4648     3.3293     3.5355
   58.0000     3.4648     3.3293     3.5355
   58.2500     3.4648     3.3293     3.5355
   58.5000     3.4648     3.3293     3.5355
   58.7500     3.4648     3.3293     3.5355
   59.0000     3.4648     3.3293     3.5355
   59.2500     3.5079     3.4116     3.9044
   59.5000     3.8245     3.4170     4.0107
   59.7500     3.8808     3.4390     4.0652
   60.0000     3.9465     3.4939     4.1189
