# depth_km vs_median_km_s vs_p16 vs_p84
    0.0000     1.8905     1.8790     1.9047
    0.2500     1.8905     1.8790     1.9047
    0.5000     1.8905     1.8790     1.9047
    0.7500     1.8905     1.8790     1.9047
    1.0000     1.8905     1.8790     1.9047
    1.2500     1.8905     1.8790     1.9047
    1.5000     1.8905     1.8790     1.9047
    1.7500     2.7620     1.8996     2.8109
    2.0000     2.7839     2.7651     2.8187
    2.2500     2.7839     2.7651     2.8187
    2.5000     2.7839     2.7651     2.8187
    2.7500     2.7839     2.7651     2.8187
    3.0000     2.7839     2.7651     2.8187
    3.2500     2.7839     2.7651     2.8187
    3.5000     2.7839     2.7651     2.8187
    3.7500     2.7839     2.7651     2.8187
    4.0000     2.7839     2.7651     2.8187
    4.2500     2.7839     2.7651     2.8187
    4.5000     2.7839     2.7651     2.8187
    4.7500     2.7839     2.7651     2.8187
    5.0000     2.7839     2.7651     2.8187
    5.2500     2.7839     2.7651     2.8187
    5.5000     2.7862     2.7658     2.8197
    5.7500     2.7974     2.7658     2.8396
    6.0000     2.8021     2.7519     2.8480
    6.2500     2.8020     2.7507     2.8480
    6.5000     2.8020     2.7507     2.8480
    6.7500     2.8020     2.7507     2.8480
    7.0000     2.8020     2.7507     2.8480
    7.2500     2.8020     2.7507     2.8480
    7.5000     2.8020     2.7507     2.8480
    7.7500     2.8020     2.7507     2.8480
    8.0000     2.8020     2.7507     2.8480
    8.2500     2.8020     2.7507     2.8480
    8.5000     2.8020     2.7507     2.8480
    8.7500     2.8020     2.7507     2.8480
    9.0000     2.8020     2.7507     2.8480
    9.2500     2.8020     2.7507     2.8480
    9.5000     2.8020     2.7507     2.8480
    9.7500     2.8020     2.7507     2.8480
   10.0000     2.8020     2.7507     2.8480
   10.2500     2.8020     2.7507     2.8480
   10.5000     2.8020     2.7507     2.8480
   10.7500     2.8020     2.7507     2.8480
   11.0000     2.8020     2.7507     2.8480
   11.2500     2.8027     2.7507     2.8569
   11.5000     2.8245     2.7507     3.1004
   11.7500     3.0682     2.7536     3.1352
   12.0000     3.0831     3.0276     3.1376
   12.2500     3.0865     3.0349     3.1376
   12.5000     3.0865     3.0349     3.1376
   12.7500     3.0865     3.0349     3.1376
   13.0000     3.0865     3.0349     3.1376
   13.2500     3.0865     3.0349     3.1376
   13.5000     3.0865     3.0349     3.1376
   13.7500     3.0865     3.0349     3.1376
   14.0000     3.0865     3.0349     3.1376
   14.2500     3.0865     3.0349     3.1376
   14.5000     3.0865     3.0349     3.1376
   14.7500     3.0865     3.0349     3.1376
   15.0000     3.0865     3.0349     3.1376
   15.2500     3.0865     3.0349     3.1376
   15.5000     3.0865     3.0349     3.1376
   15.7500     3.0865     3.0349     3.1376
   16.0000     3.0865     3.0349     3.1376
   16.2500     3.0865     3.0349     3.1376
   16.5000     3.0865     3.0349     3.1376
   16.7500     3.0865     3.0349     3.1376
   17.0000     3.0865     3.0349     3.1376
   17.2500     3.0865     3.0349     3.1376
   17.5000     3.0865     3.0349     3.1376
   17.7500     3.0865     3.0349     3.1376
   18.0000     3.0865     3.0349     3.1376
   18.2500     3.0865     3.0349     3.1376
   18.5000     3.0865     3.0349     3.1376
   18.7500     3.0865     3.0349     3.1376
   19.0000     3.0865     3.0349     3.1376
   19.2500     3.0859     3.0342     3.1376
   19.5000     3.0793     3.0254     3.1376
   19.7500     3.0624     3.0219     3.1337
   20.0000     3.0575     3.0152     3.1513
   20.2500     3.0584     3.0017     3.1466
   20.5000     3.0541     3.0017     3.1596
   20.7500     3.0541     3.0017     3.1596
   21.0000     3.0541     3.0017     3.1596
   21.2500     3.0541     3.0017     3.1596
   21.5000     3.0541     3.0017     3.1596
   21.7500     3.0541     3.0017     3.1596
   22.0000     3.0541     3.0017     3.1596
   22.2500     3.0541     3.0017     3.1596
   22.5000     3.0541     3.0017     3.1596
   22.7500     3.0541     3.0017     3.1596
   23.0000     3.0541     3.0017     3.1596
   23.2500     3.0541     3.0017     3.1596
   23.5000     3.0541     3.0017     3.1596
   23.7500     3.0541     3.0017     3.1596
   24.0000     3.0541     3.0017     3.1596
   24.2500     3.0541     3.0017     3.1596
   24.5000     3.0541     3.0017     3.1596
   24.7500     3.0541     3.0017     3.1596
   25.0000     3.0541     3.0017     3.1596
   25.2500     3.0541     3.0017     3.1596
   25.5000     3.0541     3.0017     3.1596
   25.7500     3.0541     3.0017     3.1596
   26.0000     3.0541     3.0017     3.1596
   26.2500     3.0541     3.0017     3.1596
   26.5000     3.0541     3.0017     3.1596
   26.7500     3.0541     3.0017     3.1596
   27.0000     3.0541     3.0017     3.1596
   27.2500     3.0541     3.0017     3.1596
   27.5000     3.0541     3.0017     3.1596
   27.7500     3.0541     3.0017     3.1596
   28.0000     3.0541     3.0017     3.1596
   28.2500     3.0541     3.0017     3.1596
   28.5000     3.0541     3.0017     3.1596
   28.7500     3.0541     3.0017     3.1596
   29.0000     3.0541     3.0017     3.1596
   29.2500     3.0541     3.0015     3.1596
   29.5000     3.0541     2.9970     3.1688
   29.7500     3.0428     2.9811     3.1754
   30.0000     3.0210     2.9658     3.1759
   30.2500     3.0191     2.9403     3.1787
   30.5000     3.0196     2.9403     3.1911
   30.7500     3.0196     2.9403     3.2120
   31.0000     3.0196     2.9403     3.2120
   31.2500     3.0196     2.9403     3.2120
   31.5000     3.0196     2.9403     3.2120
   31.7500     3.0196     2.9403     3.2120
   32.0000     3.0196     2.9403     3.2120
   32.2500     3.0196     2.9403     3.2120
   32.5000     3.0196     2.9403     3.2120
   32.7500     3.0196     2.9403     3.2120
   33.0000     3.0196     2.9403     3.2120
   33.2500     3.0196     2.9403     3.2120
   33.5000     3.0196     2.9403     3.2120
   33.7500     3.0196     2.9403     3.2120
   34.0000     3.0196     2.9403     3.2120
   34.2500     3.0196     2.9403     3.2120
   34.5000     3.0196     2.9403     3.2120
   34.7500     3.0196     2.9403     3.2120
   35.0000     3.0196     2.9403     3.2120
   35.2500     3.0196     2.9403     3.2120
   35.5000     3.0196     2.9403     3.2120
   35.7500     3.0196     2.9403     3.2120
   36.0000     3.0196     2.9403     3.2120
   36.2500     3.0196     2.9403     3.2120
   36.5000     3.0196     2.9403     3.2120
   36.7500     3.0196     2.9403     3.2120
   37.0000     3.0196     2.9403     3.2120
   37.2500     3.0196     2.9403     3.2120
   37.5000     3.0196     2.9403     3.2120
   37.7500     3.0196     2.9403     3.2120
   38.0000     3.0196     2.9403     3.2120
   38.2500     3.0196     2.9403     3.2120
   38.5000     3.0196     2.9403     3.2120
   38.7500     3.0196     2.9403     3.2120
   39.0000     3.0196     2.9403     3.2120
   39.2500     3.0196     2.9403     3.2120
   39.5000     3.0196     2.9403     3.2120
   39.7500     3.0196     2.9403     3.2120
   40.0000     3.0196     2.9403     3.2120
   40.2500     3.0196     2.9403     3.2120
   40.5000     3.0196     2.9403     3.2120
   40.7500     3.0196     2.9403     3.2120
   41.0000     3.0196     2.9403     3.2120
   41.2500     3.0196     2.9403     3.2120
   41.5000     3.0196     2.9403     3.2120
   41.7500     3.0196     2.9403     3.2120
   42.0000     3.0196     2.9403     3.2120
   42.2500     3.0196     2.9403     3.2120
   42.5000     3.0196     2.9403     3.2120
   42.7500     3.0196     2.9403     3.2120
   43.0000     3.0196     2.9403     3.2120
   43.2500     3.0196     2.9403     3.2120
   43.5000     3.0196     2.9403     3.2120
   43.7500     3.0196     2.9403     3.2120
   44.0000     3.0196     2.9403     3.2120
   44.2500     3.0196     2.9403     3.2120
   44.5000     3.0196     2.9403     3.2120
   44.7500     3.0196     2.9403     3.2120
   45.0000     3.0196     2.9403     3.2120
   45.2500     3.0196     2.9403     3.2120
   45.5000     3.0196     2.9403     3.2120
   45.7500     3.0196     2.9403     3.2120
   46.0000     3.0196     2.9403     3.2120
   46.2500     3.0196     2.9403     3.2120
   46.5000     3.0196     2.9403     3.2120
   46.7500     3.0196     2.9403     3.2120
   47.0000     3.0196     2.9403     3.2120
   47.2500     3.0196     2.9403     3.2120
   47.5000     3.0196     2.9403     3.2120
   47.7500     3.0196     2.9403     3.2120
   48.0000     3.0196     2.9403     3.2120
   48.2500     3.0196     2.9403     3.2120
   48.5000     3.0196     2.9403     3.2120
   48.7500     3.0196     2.9403     3.2120
   49.0000     3.0196     2.9403     3.2120
   49.2500     3.0196     2.9403     3.2120
   49.5000     3.0196     2.9403     3.2120
   49.7500     3.0196     2.9403     3.2120
   50.0000     3.0196     2.9403     3.2120
   50.2500     3.0196     2.9403     3.2120
   50.5000     3.0196     2.9403     3.2120
   50.7500     3.0196     2.9403     3.2120
   51.0000     3.0196     2.9403     3.2120
   51.2500     3.0196     2.9403     3.2120
   51.5000     3.0196     2.9403     3.2120
   51.7500     3.0196     2.9403     3.2120
   52.0000     3.0196     2.9403     3.2120
   52.2500     3.0196     2.9403     3.2120
   52.5000     3.0196     2.9403     3.2120
   52.7500     3.0196     2.9403     3.2120
   53.0000     3.0196     2.9403     3.2120
   53.2500     3.0196     2.9403     3.2120
   53.5000     3.0196     2.9403     3.2120
   53.7500     3.0196     2.9403     3.2120
   54.0000     3.0196     2.9403     3.2120
   54.2500     3.0196     2.9403     3.2120
   54.5000     3.0196     2.9403     3.2120
   54.7500     3.0196     2.9403     3.2120
   55.0000     3.0196     2.9403     3.2120
   55.2500     3.0196     2.9403     3.2120
   55.5000     3.0196     2.9403     3.2120
   55.7500     3.0196     2.9403     3.2120
   56.0000     3.0196     2.9403     3.2120
   56.2500     3.0196     2.9403     3.2120
   56.5000     3.0196     2.9403     3.2120
   56.7500     3.0196     2.9403     3.2120
   57.0000     3.0196     2.9403     3.2120
   57.2500     3.0196     2.9403     3.2120
   57.5000     3.0196     2.9403     3.2120
   57.7500     3.0196     2.9403     3.2125
   58.0000     3.0196     2.9403     3.2255
   58.2500     3.0196     2.9403     3.2369
   58.5000     3.0196     2.9403     3.2714
   58.7500     3.0196     2.9403     3.3375
   59.0000     3.0197     2.9403     3.3398
   59.2500     3.0683     2.9575     3.3648
   59.5000     3.1134     3.0036     3.3682
   59.7500     3.1719     3.0111     3.3875
   60.0000     3.1906     3.0177     3.3875
