# depth_km vs_median_km_s vs_p16 vs_p84
    0.0000     1.8083     1.8050     1.8122
    0.2500     1.8083     1.8050     1.8122
    0.5000     1.8083     1.8050     1.8122
    0.7500     1.8083     1.8050     1.8122
    1.0000     1.8083     1.8050     1.8122
    1.2500     1.8083     1.8050     1.8122
    1.5000     1.8083     1.8050     1.8122
    1.7500     3.1801     3.0709     3.2918
    2.0000     3.1810     3.0725     3.2929
    2.2500     3.1810     3.0725     3.2929
    2.5000     3.1810     3.0725     3.2929
    2.7500     3.1810     3.0725     3.2929
    3.0000     3.1810     3.0725     3.2929
    3.2500     3.1810     3.0725     3.2929
    3.5000     3.1810     3.0725     3.2929
    3.7500     3.1810     3.0725     3.2929
    4.0000     3.1810     3.0725     3.2929
    4.2500     3.1810     3.0725     3.2929
    4.5000     3.1810     3.0725     3.2929
    4.7500     3.1810     3.0725     3.2929
    5.0000     3.1810     3.0725     3.2929
    5.2500     3.1810     3.0725     3.2929
    5.5000     3.1810     3.0725     3.2929
    5.7500     2.5697     2.4884     3.1426
    6.0000     2.5581     2.4884     2.6756
    6.2500     2.5581     2.4884     2.6756
    6.5000     2.5581     2.4884     2.6756
    6.7500     2.5581     2.4884     2.6756
    7.0000     2.5581     2.4884     2.6756
    7.2500     2.5581     2.4884     2.6756
    7.5000     2.5581     2.4884     2.6756
    7.7500     2.5581     2.4884     2.6756
    8.0000     2.5581     2.4884     2.6756
    8.2500     2.5581     2.4884     2.6756
    8.5000     2.5581     2.4884     2.6756
    8.7500     2.5581     2.4884     2.6756
    9.0000     2.5581     2.4884     2.6756
    9.2500     2.5581     2.4884     2.6756
    9.5000     2.5581     2.4884     2.6756
    9.7500     2.5581     2.4884     2.6756
   10.0000     2.5581     2.4884     2.6756
   10.2500     2.5581     2.4884     2.6756
   10.5000     2.5581     2.4884     2.6756
   10.7500     2.5581     2.4884     2.6756
   11.0000     2.5581     2.4884     2.6756
   11.2500     2.5581     2.4884     2.6756
   11.5000     2.5581     2.4884     2.6756
   11.7500     2.8835     2.7388     3.0045
   12.0000     2.8838     2.7797     3.0045
   12.2500     2.8838     2.7797     3.0045
   12.5000     2.8838     2.7797     3.0045
   12.7500     2.8838     2.7797     3.0045
   13.0000     2.8838     2.7797     3.0045
   13.2500     2.8838     2.7797     3.0045
   13.5000     2.8838     2.7797     3.0045
   13.7500     2.8838     2.7797     3.0045
   14.0000     2.8838     2.7797     3.0045
   14.2500     2.8838     2.7797     3.0045
   14.5000     2.8838     2.7797     3.0045
   14.7500     2.8838     2.7797     3.0045
   15.0000     2.8838     2.7797     3.0045
   15.2500     2.8838     2.7797     3.0045
   15.5000     2.8838     2.7797     3.0045
   15.7500     2.8838     2.7797     3.0045
   16.0000     2.8838     2.7797     3.0045
   16.2500     2.8838     2.7797     3.0045
   16.5000     2.8838     2.7797     3.0045
   16.7500     2.8838     2.7797     3.0045
   17.0000     2.8838     2.7797     3.0045
   17.2500     2.8838     2.7797     3.0045
   17.5000     2.8838     2.7797     3.0045
   17.7500     2.8838     2.7797     3.0045
   18.0000     2.8838     2.7797     3.0045
   18.2500     2.8838     2.7797     3.0045
   18.5000     2.8838     2.7797     3.0045
   18.7500     2.8838     2.7797     3.0045
   19.0000     2.8838     2.7797     3.0045
   19.2500     2.8838     2.7797     3.0045
   19.5000     2.9697     2.7831     3.3054
   19.7500     3.1896     2.8871     3.3054
   20.0000     3.1991     3.0339     3.3054
   20.2500     3.1991     3.0339     3.3054
   20.5000     3.1991     3.0339     3.3054
   20.7500     3.1991     3.0339     3.3054
   21.0000     3.1991     3.0339     3.3054
   21.2500     3.1991     3.0339     3.3054
   21.5000     3.1991     3.0339     3.3054
   21.7500     3.1991     3.0339     3.3054
   22.0000     3.1991     3.0339     3.3054
   22.2500     3.1991     3.0339     3.3054
   22.5000     3.1991     3.0339     3.3054
   22.7500     3.1991     3.0339     3.3054
   23.0000     3.1991     3.0339     3.3054
   23.2500     3.1991     3.0339     3.3054
   23.5000     3.1991     3.0339     3.3054
   23.7500     3.1991     3.0339     3.3054
   24.0000     3.1991     3.0339     3.3054
   24.2500     3.1991     3.0339     3.3054
   24.5000     3.1991     3.0339     3.3054
   24.7500     3.1991     3.0339     3.3054
   25.0000     3.1991     3.0339     3.3054
   25.2500     3.1991     3.0339     3.3054
   25.5000     3.1991     3.0339     3.3054
   25.7500     3.1991     3.0339     3.3054
   26.0000     3.1991     3.0339     3.3054
   26.2500     3.1991     3.0339     3.3054
   26.5000     3.1991     3.0339     3.3054
   26.7500     3.1991     3.0339     3.3054
   27.0000     3.1991     3.0339     3.3054
   27.2500     3.1991     3.0339     3.3054
   27.5000     3.1991     3.0339     3.3054
   27.7500     3.1991     3.0339     3.3054
   28.0000     3.1991     3.0339     3.3054
   28.2500     3.1991     3.0339     3.3054
   28.5000     3.1991     3.0339     3.3054
   28.7500     3.1991     3.0339     3.3054
   29.0000     3.1991     3.0339     3.3054
   29.2500     3.1991     3.0339     3.3054
   29.5000     3.2062     3.0339     3.8516
   29.7500     3.6310     3.0339     3.8516
   30.0000     3.6906     3.4931     3.8516
   30.2500     3.6906     3.4931     3.8516
   30.5000     3.6906     3.4931     3.8516
   30.7500     3.6906     3.4931     3.8516
   31.0000     3.6906     3.4931     3.8516
   31.2500     3.6906     3.4931     3.8516
   31.5000     3.6906     3.4931     3.8516
   31.7500     3.6906     3.4931     3.8516
   32.0000     3.6906     3.4931     3.8516
   32.2500     3.6906     3.4931     3.8516
   32.5000     3.6906     3.4931     3.8516
   32.7500     3.6906     3.4931     3.8516
   33.0000     3.6906     3.4931     3.8516
   33.2500     3.6906     3.4931     3.8516
   33.5000     3.6906     3.4931     3.8516
   33.7500     3.6906     3.4931     3.8516
   34.0000     3.6906     3.4931     3.8516
   34.2500     3.6906     3.4931     3.8516
   34.5000     3.6906     3.4931     3.8516
   34.7500     3.6906     3.4931     3.8516
   35.0000     3.6906     3.4931     3.8516
   35.2500     3.6906     3.4931     3.8516
   35.5000     3.6906     3.4931     3.8516
   35.7500     3.6906     3.4931     3.8516
   36.0000     3.6906     3.4931     3.8516
   36.2500     3.6906     3.4931     3.8516
   36.5000     3.6906     3.4931     3.8516
   36.7500     3.6906     3.4931     3.8516
   37.0000     3.6906     3.4931     3.8516
   37.2500     3.6906     3.4931     3.8516
   37.5000     3.6906     3.4931     3.8516
   37.7500     3.6906     3.4931     3.8516
   38.0000     3.6906     3.4931     3.8516
   38.2500     3.6906     3.4931     3.8516
   38.5000     3.6906     3.4931     3.8516
   38.7500     3.6906     3.4931     3.8516
   39.0000     3.6906     3.4931     3.8516
   39.2500     3.6906     3.4931     3.8516
   39.5000     3.6906     3.4931     3.8516
   39.7500     3.6906     3.4931     3.8516
   40.0000     3.6906     3.4931     3.8516
   40.2500     3.6906     3.4931     3.8516
   40.5000     3.6906     3.4931     3.8516
   40.7500     3.6906     3.4931     3.8516
   41.0000     3.6906     3.4931     3.8516
   41.2500     3.6906     3.4931     3.8516
   41.5000     3.6906     3.4931     3.8516
   41.7500     3.6906     3.4931     3.8516
   42.0000     3.6906     3.4931     3.8516
   42.2500     3.6906     3.4931     3.8516
   42.5000     3.6906     3.4931     3.8516
   42.7500     3.6906     3.4931     3.8516
   43.0000     3.6906     3.4931     3.8516
   43.2500     3.6906     3.4931     3.8516
   43.5000     3.6906     3.4931     3.8516
   43.7500     3.6906     3.4931     3.8516
   44.0000     3.6906     3.4931     3.8516
   44.2500     3.6906     3.4931     3.8516
   44.5000     3.6906     3.4931     3.8516
   44.7500     3.6906     3.4931     3.8516
   45.0000     3.6906     3.4931     3.8516
   45.2500     3.6906     3.4931     3.8516
   45.5000     3.6906     3.4931     3.8516
   45.7500     3.6906     3.4931     3.8516
   46.0000     3.6906     3.4931     3.8516
   46.2500     3.6906     3.4931     3.8516
   46.5000     3.6906     3.4931     3.8516
   46.7500     3.6906     3.4931     3.8516
   47.0000     3.6906     3.4931     3.8516
   47.2500     3.6906     3.4931     3.8516
   47.5000     3.6906     3.4931     3.8516
   47.7500     3.6906     3.4931     3.8516
   48.0000     3.6906     3.4931     3.8516
   48.2500     3.6906     3.4931     3.8516
   48.5000     3.6906     3.4931     3.8516
   48.7500     3.6906     3.4931     3.8516
   49.0000     3.6906     3.4931     3.8516
   49.2500     3.6906     3.4931     3.8516
   49.5000     3.6906     3.4931     3.8516
   49.7500     3.6906     3.4931     3.8516
   50.0000     3.6906     3.4931     3.8516
   50.2500     3.6906     3.4931     3.8516
   50.5000     3.6906     3.4931     3.8516
   50.7500     3.6906     3.4931     3.8516
   51.0000     3.6906     3.4931     3.8516
   51.2500     3.6906     3.4931     3.8516
   51.5000     3.6906     3.4931     3.8516
   51.7500     3.6906     3.4931     3.8516
   52.0000     3.6906     3.4931     3.8516
   52.2500     3.6906     3.4931     3.8516
   52.5000     3.6906     3.4931     3.8516
   52.7500     3.6906     3.4931     3.8516
   53.0000     3.6906     3.4931     3.8516
   53.2500     3.6906     3.4931     3.8516
   53.5000     3.6906     3.4931     3.8516
   53.7500     3.6906     3.4931     3.8516
   54.0000     3.6906     3.4931     3.8516
   54.2500     3.6906     3.4931     3.8516
   54.5000     3.6906     3.4931     3.8516
   54.7500     3.6906     3.4931     3.8516
   55.0000     3.6906     3.4931     3.8516
   55.2500     3.6906     3.4931     3.8516
   55.5000     3.6906     3.4931     3.8516
   55.7500     3.6906     3.4931     3.8516
   56.0000     3.6906     3.4931     3.8516
   56.2500     3.6906     3.4931     3.8516
   56.5000     3.6906     3.4931     3.8516
   56.7500     3.6906     3.4931     3.8516
   57.0000     3.6906     3.4931     3.8516
   57.2500     3.6906     3.4931     3.8516
   57.5000     3.6906     3.4931     3.8516
   57.7500     3.6906     3.4931     3.8516
   58.0000     3.6906     3.4931     3.8516
   58.2500     3.6906     3.4931     3.8516
   58.5000     3.6906     3.4931     3.8516
   58.7500     3.7161     3.4931     3.8537
   59.0000     3.7412     3.4931     4.1350
   59.2500     3.7412     3.4931     4.1350
   59.5000     3.7507     3.4957     4.1565
   59.7500     4.1107     3.6611     4.3065
   60.0000     4.1262     3.6625     4.3065
