# depth_km vs_median_km_s vs_p16 vs_p84
    0.0000     1.9352     1.9320     1.9385
    0.2500     1.9352     1.9320     1.9385
    0.5000     1.9352     1.9320     1.9385
    0.7500     1.9352     1.9320     1.9385
    1.0000     1.9352     1.9320     1.9385
    1.2500     1.9352     1.9320     1.9385
    1.5000     1.9352     1.9320     1.9385
    1.7500     1.9352     1.9320     1.9385
    2.0000     2.4602     2.4069     2.4868
    2.2500     2.4602     2.4069     2.4868
    2.5000     2.4602     2.4069     2.4868
    2.7500     2.4602     2.4069     2.4868
    3.0000     2.4602     2.4069     2.4868
    3.2500     2.4602     2.4069     2.4868
    3.5000     2.4602     2.4069     2.4868
    3.7500     2.4602     2.4069     2.4868
    4.0000     2.4602     2.4069     2.4868
    4.2500     2.4602     2.4069     2.4868
    4.5000     2.4602     2.4069     2.4868
    4.7500     2.4602     2.4069     2.4868
    5.0000     2.4602     2.4069     2.4868
    5.2500     2.4602     2.4069     2.4868
    5.5000     2.4602     2.4069     2.4868
    5.7500     2.4602     2.4069     2.4868
    6.0000     2.6475     2.4939     2.7522
    6.2500     2.6558     2.5096     2.7522
    6.5000     2.6558     2.5096     2.7522
    6.7500     2.6558     2.5096     2.7522
    7.0000     2.6558     2.5096     2.7522
    7.2500     2.6558     2.5096     2.7522
    7.5000     2.6558     2.5096     2.7522
    7.7500     2.6558     2.5096     2.7522
    8.0000     2.6558     2.5096     2.7522
    8.2500     2.6558     2.5096     2.7522
    8.5000     2.6558     2.5096     2.7522
    8.7500     2.6558     2.5096     2.7522
    9.0000     2.6558     2.5096     2.7522
    9.2500     2.6558     2.5096     2.7522
    9.5000     2.6558     2.5096     2.7522
    9.7500     2.6558     2.5096     2.7522
   10.0000     2.6558     2.5096     2.7522
   10.2500     2.6558     2.5096     2.7522
   10.5000     2.6558     2.5096     2.7522
   10.7500     2.6558     2.5096     2.7522
   11.0000     2.6558     2.5096     2.7522
   11.2500     2.6558     2.5096     2.7522
   11.5000     2.6558     2.5096     2.7522
   11.7500     2.6558     2.5096     2.7594
   12.0000     2.8648     2.5724     2.9792
   12.2500     2.8687     2.7121     2.9792
   12.5000     2.8687     2.7121     2.9792
   12.7500     2.8687     2.7121     2.9792
   13.0000     2.8687     2.7121     2.9792
   13.2500     2.8687     2.7121     2.9792
   13.5000     2.8687     2.7121     2.9792
   13.7500     2.8687     2.7121     2.9792
   14.0000     2.8687     2.7121     2.9792
   14.2500     2.8687     2.7121     2.9792
   14.5000     2.8687     2.7121     2.9792
   14.7500     2.8687     2.7121     2.9792
   15.0000     2.8687     2.7121     2.9792
   15.2500     2.8687     2.7121     2.9792
   15.5000     2.8687     2.7121     2.9792
   15.7500     2.8687     2.7121     2.9792
   16.0000     2.8687     2.7121     2.9792
   16.2500     2.8687     2.7121     2.9792
   16.5000     2.8687     2.7121     2.9792
   16.7500     2.8687     2.7121     2.9792
   17.0000     2.8687     2.7121     2.9792
   17.2500     2.8687     2.7121     2.9792
   17.5000     2.8687     2.7121     2.9792
   17.7500     2.8687     2.7121     2.9792
   18.0000     2.8687     2.7121     2.9792
   18.2500     2.8687     2.7121     2.9792
   18.5000     2.8687     2.7121     2.9792
   18.7500     2.8687     2.7121     2.9792
   19.0000     2.8687     2.7121     2.9792
   19.2500     2.8687     2.7121     2.9792
   19.5000     2.8687     2.7121     2.9792
   19.7500     2.8687     2.7121     2.9945
   20.0000     2.9418     2.7221     3.1858
   20.2500     3.1638     2.9296     3.2248
   20.5000     3.1638     2.9296     3.2248
   20.7500     3.1638     2.9296     3.2248
   21.0000     3.1638     2.9296     3.2248
   21.2500     3.1638     2.9296     3.2248
   21.5000     3.1638     2.9296     3.2248
   21.7500     3.1638     2.9296     3.2248
   22.0000     3.1638     2.9296     3.2248
   22.2500     3.1638     2.9296     3.2248
   22.5000     3.1638     2.9296     3.2248
   22.7500     3.1638     2.9296     3.2248
   23.0000     3.1638     2.9296     3.2248
   23.2500     3.1638     2.9296     3.2248
   23.5000     3.1638     2.9296     3.2248
   23.7500     3.1638     2.9296     3.2248
   24.0000     3.1638     2.9296     3.2248
   24.2500     3.1638     2.9296     3.2248
   24.5000     3.1638     2.9296     3.2248
   24.7500     3.1638     2.9296     3.2248
   25.0000     3.1638     2.9296     3.2248
   25.2500     3.1638     2.9296     3.2248
   25.5000     3.1638     2.9296     3.2248
   25.7500     3.1638     2.9296     3.2248
   26.0000     3.1638     2.9296     3.2248
   26.2500     3.1638     2.9296     3.2248
   26.5000     3.1638     2.9296     3.2248
   26.7500     3.1638     2.9296     3.2248
   27.0000     3.1638     2.9296     3.2248
   27.2500     3.1638     2.9296     3.2248
   27.5000     3.1638     2.9296     3.2248
   27.7500     3.1638     2.9296     3.2248
   28.0000     3.1638     2.9296     3.2248
   28.2500     3.1638     2.9296     3.2248
   28.5000     3.1638     2.9296     3.2248
   28.7500     3.1638     2.9296     3.2248
   29.0000     3.1638     2.9296     3.2248
   29.2500     3.1638     2.9296     3.2248
   29.5000     3.1638     2.9296     3.2385
   29.7500     3.1660     2.9544     3.2551
   30.0000     3.2441     2.9563     3.4050
   30.2500     3.3010     2.9563     3.4474
   30.5000     3.3010     3.1316     3.4474
   30.7500     3.3010     3.1316     3.4474
   31.0000     3.3010     3.1316     3.4474
   31.2500     3.3010     3.1316     3.4474
   31.5000     3.3010     3.1316     3.4474
   31.7500     3.3010     3.1316     3.4474
   32.0000     3.3010     3.1316     3.4474
   32.2500     3.3010     3.1316     3.4474
   32.5000     3.3010     3.1316     3.4474
   32.7500     3.3010     3.1316     3.4474
   33.0000     3.3010     3.1316     3.4474
   33.2500     3.3010     3.1316     3.4474
   33.5000     3.3010     3.1316     3.4474
   33.7500     3.3010     3.1316     3.4474
   34.0000     3.3010     3.1316     3.4474
   34.2500     3.3010     3.1316     3.4474
   34.5000     3.3010     3.1316     3.4474
   34.7500     3.3010     3.1316     3.4474
   35.0000     3.3010     3.1316     3.4474
   35.2500     3.3010     3.1316     3.4474
   35.5000     3.3010     3.1316     3.4474
   35.7500     3.3010     3.1316     3.4474
   36.0000     3.3010     3.1316     3.4474
   36.2500     3.3010     3.1316     3.4474
   36.5000     3.3010     3.1316     3.4474
   36.7500     3.3010     3.1316     3.4474
   37.0000     3.3010     3.1316     3.4474
   37.2500     3.3010     3.1316     3.4474
   37.5000     3.3010     3.1316     3.4474
   37.7500     3.3010     3.1316     3.4474
   38.0000     3.3010     3.1316     3.4474
   38.2500     3.3010     3.1316     3.4474
   38.5000     3.3010     3.1316     3.4474
   38.7500     3.3010     3.1316     3.4474
   39.0000     3.3010     3.1316     3.4474
   39.2500     3.3010     3.1316     3.4474
   39.5000     3.3010     3.1316     3.4474
   39.7500     3.3010     3.1316     3.4474
   40.0000     3.3010     3.1316     3.4474
   40.2500     3.3010     3.1316     3.4474
   40.5000     3.3010     3.1316     3.4474
   40.7500     3.3010     3.1316     3.4474
   41.0000     3.3010     3.1316     3.4474
   41.2500     3.3010     3.1316     3.4474
   41.5000     3.3010     3.1316     3.4474
   41.7500     3.3010     3.1316     3.4474
   42.0000     3.3010     3.1316     3.4474
   42.2500     3.3010     3.1316     3.4474
   42.5000     3.3010     3.1316     3.4474
   42.7500     3.3010     3.1316     3.4474
   43.0000     3.3010     3.1316     3.4474
   43.2500     3.3010     3.1316     3.4474
   43.5000     3.3010     3.1316     3.4474
   43.7500     3.3010     3.1316     3.4474
   44.0000     3.3010     3.1316     3.4474
   44.2500     3.3010     3.1316     3.4474
   44.5000     3.3010     3.1316     3.4474
   44.7500     3.3010     3.1316     3.4474
   45.0000     3.3010     3.1316     3.4474
   45.2500     3.3010     3.1316     3.4474
   45.5000     3.3010     3.1316     3.4474
   45.7500     3.3010     3.1316     3.4474
   46.0000     3.3010     3.1316     3.4474
   46.2500     3.3010     3.1316     3.4474
   46.5000     3.3010     3.1316     3.4474
   46.7500     3.3010     3.1316     3.4474
   47.0000     3.3010     3.1316     3.4474
   47.2500     3.3010     3.1316     3.4474
   47.5000     3.3010     3.1316     3.4474
   47.7500     3.3010     3.1316     3.4474
   48.0000     3.3010     3.1316     3.4474
   48.2500     3.3010     3.1316     3.4474
   48.5000     3.3010     3.1316     3.4474
   48.7500     3.3010     3.1316     3.4474
   49.0000     3.3010     3.1316     3.4474
   49.2500     3.3010     3.1316     3.4474
   49.5000     3.3010     3.1316     3.4474
   49.7500     3.3010     3.1316     3.4474
   50.0000     3.3010     3.1316     3.4474
   50.2500     3.3010     3.1316     3.4474
   50.5000     3.3010     3.1316     3.4474
   50.7500     3.3010     3.1316     3.4474
   51.0000     3.3010     3.1316     3.4474
   51.2500     3.3010     3.1316     3.4474
   51.5000     3.3010     3.1316     3.4474
   51.7500     3.3010     3.1316     3.4474
   52.0000     3.3010     3.1316     3.4474
   52.2500     3.3010     3.1316     3.4474
   52.5000     3.3010     3.1316     3.4474
   52.7500     3.3010     3.1316     3.4474
   53.0000     3.3010     3.1316     3.4474
   53.2500     3.3010     3.1316     3.4474
   53.5000     3.3010     3.1316     3.4474
   53.7500     3.3010     3.1316     3.4474
   54.0000     3.3010     3.1316     3.4474
   54.2500     3.3010     3.1316     3.4474
   54.5000     3.3010     3.1316     3.4474
   54.7500     3.3010     3.1316     3.4474
   55.0000     3.3010     3.1316     3.4474
   55.2500     3.3010     3.1316     3.4474
   55.5000     3.3010     3.1316     3.4474
   55.7500     3.3010     3.1316     3.4474
   56.0000     3.3010     3.1316     3.4474
   56.2500     3.3010     3.1316     3.4474
   56.5000     3.3010     3.1316     3.4474
   56.7500     3.3010     3.1316     3.4474
   57.0000     3.3010     3.1316     3.4474
   57.2500     3.3010     3.1316     3.4474
   57.5000     3.3010     3.1316     3.4474
   57.7500     3.3010     3.1316     3.4474
   58.0000     3.3010     3.1316     3.4474
   58.2500     3.3010     3.1316     3.4474
   58.5000     3.3010     3.1316     3.4474
   58.7500     3.3232     3.1316     3.4977
   59.0000     3.3554     3.1316     3.5663
   59.2500     3.3906     3.1316     3.6699
   59.5000     3.4777     3.1318     3.7303
   59.7500     3.5673     3.2638     3.7832
   60.0000     3.6142     3.3934     3.8095
