# depth_km vs_median_km_s vs_p16 vs_p84
    0.0000     1.7988     1.7895     1.8035
    0.2500     1.7988     1.7895     1.8035
    0.5000     1.7988     1.7895     1.8035
    0.7500     1.7988     1.7895     1.8035
    1.0000     1.7988     1.7895     1.8035
    1.2500     1.7988     1.7895     1.8035
    1.5000     1.8000     1.7921     1.8047
    1.7500     2.8400     2.5610     3.0089
    2.0000     2.8995     2.6486     3.0562
    2.2500     2.8995     2.6486     3.0562
    2.5000     2.8995     2.6486     3.0562
    2.7500     2.8995     2.6486     3.0562
    3.0000     2.8995     2.6486     3.0562
    3.2500     2.8995     2.6486     3.0562
    3.5000     2.8995     2.6486     3.0562
    3.7500     2.8995     2.6486     3.0562
    4.0000     2.8995     2.6486     3.0562
    4.2500     2.8995     2.6486     3.0562
    4.5000     2.8995     2.6486     3.0562
    4.7500     2.8995     2.6486     3.0562
    5.0000     2.8995     2.6486     3.0562
    5.2500     2.8995     2.6486     3.0562
    5.5000     2.8995     2.6486     3.0562
    5.7500     2.4558     2.3821     2.7054
    6.0000     2.4180     2.3804     2.6847
    6.2500     2.4180     2.3804     2.6847
    6.5000     2.4180     2.3804     2.6847
    6.7500     2.4180     2.3804     2.6847
    7.0000     2.4180     2.3804     2.6847
    7.2500     2.4180     2.3804     2.6847
    7.5000     2.4180     2.3804     2.6847
    7.7500     2.4180     2.3804     2.6847
    8.0000     2.4180     2.3804     2.6847
    8.2500     2.4180     2.3804     2.6847
    8.5000     2.4180     2.3804     2.6847
    8.7500     2.4180     2.3804     2.6847
    9.0000     2.4180     2.3804     2.6847
    9.2500     2.4180     2.3804     2.6847
    9.5000     2.4180     2.3804     2.6847
    9.7500     2.4180     2.3804     2.6847
   10.0000     2.4180     2.3804     2.6847
   10.2500     2.4180     2.3804     2.6847
   10.5000     2.4180     2.3804     2.6847
   10.7500     2.4180     2.3804     2.6847
   11.0000     2.4180     2.3804     2.6847
   11.2500     2.4180     2.3804     2.6847
   11.5000     2.4180     2.3804     2.6847
   11.7500     2.8005     2.7180     2.9781
   12.0000     2.8005     2.7339     2.9781
   12.2500     2.8005     2.7339     2.9781
   12.5000     2.8005     2.7339     2.9781
   12.7500     2.8005     2.7339     2.9781
   13.0000     2.8005     2.7339     2.9781
   13.2500     2.8005     2.7339     2.9781
   13.5000     2.8005     2.7339     2.9781
   13.7500     2.8005     2.7339     2.9781
   14.0000     2.8005     2.7339     2.9781
   14.2500     2.8005     2.7339     2.9781
   14.5000     2.8005     2.7339     2.9781
   14.7500     2.8005     2.7339     2.9781
   15.0000     2.8005     2.7339     2.9781
   15.2500     2.8005     2.7339     2.9781
   15.5000     2.8005     2.7339     2.9781
   15.7500     2.8005     2.7339     2.9781
   16.0000     2.8005     2.7339     2.9781
   16.2500     2.8005     2.7339     2.9781
   16.5000     2.8005     2.7339     2.9781
   16.7500     2.8005     2.7339     2.9781
   17.0000     2.8005     2.7339     2.9781
   17.2500     2.8005     2.7339     2.9781
   17.5000     2.8005     2.7339     2.9781
   17.7500     2.8005     2.7339     2.9781
   18.0000     2.8005     2.7339     2.9781
   18.2500     2.8005     2.7339     2.9781
   18.5000     2.8005     2.7339     2.9781
   18.7500     2.8005     2.7339     2.9781
   19.0000     2.8005     2.7339     2.9781
   19.2500     2.8005     2.7339     2.9781
   19.5000     2.9617     2.7339     3.2430
   19.7500     3.0973     2.7680     3.2475
   20.0000     3.1242     2.9468     3.2505
   20.2500     3.1242     2.9792     3.2505
   20.5000     3.1242     2.9792     3.2505
   20.7500     3.1242     2.9792     3.2505
   21.0000     3.1242     2.9792     3.2505
   21.2500     3.1242     2.9792     3.2505
   21.5000     3.1242     2.9792     3.2505
   21.7500     3.1242     2.9792     3.2505
   22.0000     3.1242     2.9792     3.2505
   22.2500     3.1242     2.9792     3.2505
   22.5000     3.1242     2.9792     3.2505
   22.7500     3.1242     2.9792     3.2505
   23.0000     3.1242     2.9792     3.2505
   23.2500     3.1242     2.9792     3.2505
   23.5000     3.1242     2.9792     3.2505
   23.7500     3.1242     2.9792     3.2505
   24.0000     3.1242     2.9792     3.2505
   24.2500     3.1242     2.9792     3.2505
   24.5000     3.1242     2.9792     3.2505
   24.7500     3.1242     2.9792     3.2505
   25.0000     3.1242     2.9792     3.2505
   25.2500     3.1242     2.9792     3.2505
   25.5000     3.1242     2.9792     3.2505
   25.7500     3.1242     2.9792     3.2505
   26.0000     3.1242     2.9792     3.2505
   26.2500     3.1242     2.9792     3.2505
   26.5000     3.1242     2.9792     3.2505
   26.7500     3.1242     2.9792     3.2505
   27.0000     3.1242     2.9792     3.2505
   27.2500     3.1242     2.9792     3.2505
   27.5000     3.1242     2.9792     3.2505
   27.7500     3.1242     2.9792     3.2505
   28.0000     3.1242     2.9792     3.2505
   28.2500     3.1242     2.9792     3.2505
   28.5000     3.1242     2.9792     3.2505
   28.7500     3.1242     2.9792     3.2505
   29.0000     3.1242     2.9792     3.2505
   29.2500     3.1242     2.9792     3.2505
   29.5000     3.1325     2.9792     3.8844
   29.7500     3.6281     2.9792     3.8844
   30.0000     3.6287     3.0621     3.8844
   30.2500     3.6858     3.5888     3.8849
   30.5000     3.6858     3.5888     3.8849
   30.7500     3.6858     3.5888     3.8849
   31.0000     3.6858     3.5888     3.8849
   31.2500     3.6858     3.5888     3.8849
   31.5000     3.6858     3.5888     3.8849
   31.7500     3.6858     3.5888     3.8849
   32.0000     3.6858     3.5888     3.8849
   32.2500     3.6858     3.5888     3.8849
   32.5000     3.6858     3.5888     3.8849
   32.7500     3.6858     3.5888     3.8849
   33.0000     3.6858     3.5888     3.8849
   33.2500     3.6858     3.5888     3.8849
   33.5000     3.6858     3.5888     3.8849
   33.7500     3.6858     3.5888     3.8849
   34.0000     3.6858     3.5888     3.8849
   34.2500     3.6858     3.5888     3.8849
   34.5000     3.6858     3.5888     3.8849
   34.7500     3.6858     3.5888     3.8849
   35.0000     3.6858     3.5888     3.8849
   35.2500     3.6858     3.5888     3.8849
   35.5000     3.6858     3.5888     3.8849
   35.7500     3.6858     3.5888     3.8849
   36.0000     3.6858     3.5888     3.8849
   36.2500     3.6858     3.5888     3.8849
   36.5000     3.6858     3.5888     3.8849
   36.7500     3.6858     3.5888     3.8849
   37.0000     3.6858     3.5888     3.8849
   37.2500     3.6858     3.5888     3.8849
   37.5000     3.6858     3.5888     3.8849
   37.7500     3.6858     3.5888     3.8849
   38.0000     3.6858     3.5888     3.8849
   38.2500     3.6858     3.5888     3.8849
   38.5000     3.6858     3.5888     3.8849
   38.7500     3.6858     3.5888     3.8849
   39.0000     3.6858     3.5888     3.8849
   39.2500     3.6858     3.5888     3.8849
   39.5000     3.6858     3.5888     3.8849
   39.7500     3.6858     3.5888     3.8849
   40.0000     3.6858     3.5888     3.8849
   40.2500     3.6858     3.5888     3.8849
   40.5000     3.6858     3.5888     3.8849
   40.7500     3.6858     3.5888     3.8849
   41.0000     3.6858     3.5888     3.8849
   41.2500     3.6858     3.5888     3.8849
   41.5000     3.6858     3.5888     3.8849
   41.7500     3.6858     3.5888     3.8849
   42.0000     3.6858     3.5888     3.8849
   42.2500     3.6858     3.5888     3.8849
   42.5000     3.6858     3.5888     3.8849
   42.7500     3.6858     3.5888     3.8849
   43.0000     3.6858     3.5888     3.8849
   43.2500     3.6858     3.5888     3.8849
   43.5000     3.6858     3.5888     3.8849
   43.7500     3.6858     3.5888     3.8849
   44.0000     3.6858     3.5888     3.8849
   44.2500     3.6858     3.5888     3.8849
   44.5000     3.6858     3.5888     3.8849
   44.7500     3.6858     3.5888     3.8849
   45.0000     3.6858     3.5888     3.8849
   45.2500     3.6858     3.5888     3.8849
   45.5000     3.6858     3.5888     3.8849
   45.7500     3.6858     3.5888     3.8849
   46.0000     3.6858     3.5888     3.8849
   46.2500     3.6858     3.5888     3.8849
   46.5000     3.6858     3.5888     3.8849
   46.7500     3.6858     3.5888     3.8849
   47.0000     3.6858     3.5888     3.8849
   47.2500     3.6858     3.5888     3.8849
   47.5000     3.6858     3.5888     3.8849
   47.7500     3.6858     3.5888     3.8849
   48.0000     3.6858     3.5888     3.8849
   48.2500     3.6858     3.5888     3.8849
   48.5000     3.6858     3.5888     3.8849
   48.7500     3.6858     3.5888     3.8849
   49.0000     3.6858     3.5888     3.8849
   49.2500     3.6858     3.5888     3.8849
   49.5000     3.6858     3.5888     3.8849
   49.7500     3.6858     3.5888     3.8849
   50.0000     3.6858     3.5888     3.8849
   50.2500     3.6858     3.5888     3.8849
   50.5000     3.6858     3.5888     3.8849
   50.7500     3.6858     3.5888     3.8849
   51.0000     3.6858     3.5888     3.8849
   51.2500     3.6858     3.5888     3.8849
   51.5000     3.6858     3.5888     3.8849
   51.7500     3.6858     3.5888     3.8849
   52.0000     3.6858     3.5888     3.8849
   52.2500     3.6858     3.5888     3.8849
   52.5000     3.6858     3.5888     3.8849
   52.7500     3.6858     3.5888     3.8849
   53.0000     3.6858     3.5888     3.8849
   53.2500     3.6858     3.5888     3.8849
   53.5000     3.6858     3.5888     3.8849
   53.7500     3.6858     3.5888     3.8849
   54.0000     3.6858     3.5888     3.8849
   54.2500     3.6858     3.5888     3.8849
   54.5000     3.6858     3.5888     3.8849
   54.7500     3.6858     3.5888     3.8849
   55.0000     3.6858     3.5888     3.8849
   55.2500     3.6858     3.5888     3.8849
   55.5000     3.6858     3.5888     3.8849
   55.7500     3.6858     3.5888     3.8849
   56.0000     3.6858     3.5888     3.8849
   56.2500     3.6858     3.5888     3.8849
   56.5000     3.6858     3.5888     3.8849
   56.7500     3.6858     3.5888     3.8849
   57.0000     3.6858     3.5888     3.8849
   57.2500     3.6858     3.5888     3.8849
   57.5000     3.6858     3.5888     3.8849
   57.7500     3.6858     3.5888     3.8849
   58.0000     3.6858     3.5888     3.8849
   58.2500     3.6858     3.5888     3.8849
   58.5000     3.6858     3.5888     3.8849
   58.7500     3.7808     3.6040     3.9232
   59.0000     3.7893     3.6122     3.9404
   59.2500     3.7911     3.6224     3.9960
   59.5000     3.8095     3.6492     4.0876
   59.7500     4.0094     3.6687     4.3681
   60.0000     4.0165     3.6687     4.3681
