# depth_km vs_median_km_s vs_p16 vs_p84
    0.0000     1.7592     1.7580     1.7605
    0.2500     1.7592     1.7580     1.7605
    0.5000     1.7592     1.7580     1.7605
    0.7500     1.7592     1.7580     1.7605
    1.0000     1.7592     1.7580     1.7605
    1.2500     1.7592     1.7580     1.7605
    1.5000     2.7435     2.7385     2.7493
    1.7500     2.7436     2.7387     2.7497
    2.0000     2.7436     2.7387     2.7497
    2.2500     2.7436     2.7387     2.7497
    2.5000     2.7436     2.7387     2.7497
    2.7500     2.7436     2.7387     2.7497
    3.0000     2.7436     2.7387     2.7497
    3.2500     2.7436     2.7387     2.7497
    3.5000     2.7436     2.7387     2.7497
    3.7500     2.7436     2.7387     2.7497
    4.0000     2.7436     2.7387     2.7497
    4.2500     2.7436     2.7387     2.7497
    4.5000     2.7436     2.7387     2.7497
    4.7500     2.7436     2.7387     2.7497
    5.0000     2.7436     2.7387     2.7497
    5.2500     2.7436     2.7387     2.7497
    5.5000     2.7550     2.7304     2.8493
    5.7500     2.7710     2.7298     2.8493
    6.0000     2.7710     2.7298     2.8493
    6.2500     2.7710     2.7298     2.8493
    6.5000     2.7710     2.7298     2.8493
    6.7500     2.7710     2.7298     2.8493
    7.0000     2.7710     2.7298     2.8493
    7.2500     2.7710     2.7298     2.8493
    7.5000     2.7710     2.7298     2.8493
    7.7500     2.7710     2.7298     2.8493
    8.0000     2.7710     2.7298     2.8493
    8.2500     2.7710     2.7298     2.8493
    8.5000     2.7710     2.7298     2.8493
    8.7500     2.7710     2.7298     2.8493
    9.0000     2.7710     2.7298     2.8493
    9.2500     2.7710     2.7298     2.8493
    9.5000     2.7710     2.7298     2.8493
    9.7500     2.7710     2.7298     2.8493
   10.0000     2.7710     2.7298     2.8493
   10.2500     2.7710     2.7298     2.8493
   10.5000     2.7710     2.7298     2.8493
   10.7500     2.7710     2.7298     2.8493
   11.0000     2.7710     2.7298     2.8493
   11.2500     2.7930     2.7360     2.9061
   11.5000     2.9952     2.7904     3.0663
   11.7500     2.9962     2.8879     3.0663
   12.0000     2.9962     2.8879     3.0663
   12.2500     2.9962     2.8879     3.0663
   12.5000     2.9962     2.8879     3.0663
   12.7500     2.9962     2.8879     3.0663
   13.0000     2.9962     2.8879     3.0663
   13.2500     2.9962     2.8879     3.0663
   13.5000     2.9962     2.8879     3.0663
   13.7500     2.9962     2.8879     3.0663
   14.0000     2.9962     2.8879     3.0663
   14.2500     2.9962     2.8879     3.0663
   14.5000     2.9962     2.8879     3.0663
   14.7500     2.9962     2.8879     3.0663
   15.0000     2.9962     2.8879     3.0663
   15.2500     2.9962     2.8879     3.0663
   15.5000     2.9962     2.8879     3.0663
   15.7500     2.9962     2.8879     3.0663
   16.0000     2.9962     2.8879     3.0663
   16.2500     2.9962     2.8879     3.0663
   16.5000     2.9962     2.8879     3.0663
   16.7500     2.9962     2.8879     3.0663
   17.0000     2.9962     2.8879     3.0663
   17.2500     2.9962     2.8879     3.0663
   17.5000     2.9962     2.8879     3.0663
   17.7500     2.9962     2.8879     3.0663
   18.0000     2.9962     2.8879     3.0663
   18.2500     2.9962     2.8879     3.0663
   18.5000     2.9962     2.8879     3.0663
   18.7500     2.9962     2.8879     3.0663
   19.0000     2.9974     2.8881     3.0708
   19.2500     3.0192     2.8938     3.2617
   19.5000     3.0778     2.9514     3.2617
   19.7500     3.1830     3.0024     3.2617
   20.0000     3.1830     3.0039     3.2617
   20.2500     3.1830     3.0039     3.2617
   20.5000     3.1830     3.0039     3.2617
   20.7500     3.1830     3.0039     3.2617
   21.0000     3.1830     3.0039     3.2617
   21.2500     3.1830     3.0039     3.2617
   21.5000     3.1830     3.0039     3.2617
   21.7500     3.1830     3.0039     3.2617
   22.0000     3.1830     3.0039     3.2617
   22.2500     3.1830     3.0039     3.2617
   22.5000     3.1830     3.0039     3.2617
   22.7500     3.1830     3.0039     3.2617
   23.0000     3.1830     3.0039     3.2617
   23.2500     3.1830     3.0039     3.2617
   23.5000     3.1830     3.0039     3.2617
   23.7500     3.1830     3.0039     3.2617
   24.0000     3.1830     3.0039     3.2617
   24.2500     3.1830     3.0039     3.2617
   24.5000     3.1830     3.0039     3.2617
   24.7500     3.1830     3.0039     3.2617
   25.0000     3.1830     3.0039     3.2617
   25.2500     3.1830     3.0039     3.2617
   25.5000     3.1830     3.0039     3.2617
   25.7500     3.1830     3.0039     3.2617
   26.0000     3.1830     3.0039     3.2617
   26.2500     3.1830     3.0039     3.2617
   26.5000     3.1830     3.0039     3.2617
   26.7500     3.1830     3.0039     3.2617
   27.0000     3.1830     3.0039     3.2617
   27.2500     3.1830     3.0039     3.2617
   27.5000     3.1830     3.0039     3.2617
   27.7500     3.1830     3.0039     3.2617
   28.0000     3.1830     3.0039     3.2617
   28.2500     3.1830     3.0039     3.2617
   28.5000     3.1830     3.0039     3.2617
   28.7500     3.1830     3.0039     3.2617
   29.0000     3.1830     3.0039     3.2633
   29.2500     3.1830     3.0039     3.5623
   29.5000     3.4387     3.0039     3.5839
   29.7500     3.4955     3.2370     3.5935
   30.0000     3.4955     3.2860     3.5935
   30.2500     3.4955     3.2860     3.5935
   30.5000     3.4955     3.2860     3.5935
   30.7500     3.4955     3.2860     3.5935
   31.0000     3.4955     3.2860     3.5935
   31.2500     3.4955     3.2860     3.5935
   31.5000     3.4955     3.2860     3.5935
   31.7500     3.4955     3.2860     3.5935
   32.0000     3.4955     3.2860     3.5935
   32.2500     3.4955     3.2860     3.5935
   32.5000     3.4955     3.2860     3.5935
   32.7500     3.4955     3.2860     3.5935
   33.0000     3.4955     3.2860     3.5935
   33.2500     3.4955     3.2860     3.5935
   33.5000     3.4955     3.2860     3.5935
   33.7500     3.4955     3.2860     3.5935
   34.0000     3.4955     3.2860     3.5935
   34.2500     3.4955     3.2860     3.5935
   34.5000     3.4955     3.2860     3.5935
   34.7500     3.4955     3.2860     3.5935
   35.0000     3.4955     3.2860     3.5935
   35.2500     3.4955     3.2860     3.5935
   35.5000     3.4955     3.2860     3.5935
   35.7500     3.4955     3.2860     3.5935
   36.0000     3.4955     3.2860     3.5935
   36.2500     3.4955     3.2860     3.5935
   36.5000     3.4955     3.2860     3.5935
   36.7500     3.4955     3.2860     3.5935
   37.0000     3.4955     3.2860     3.5935
   37.2500     3.4955     3.2860     3.5935
   37.5000     3.4955     3.2860     3.5935
   37.7500     3.4955     3.2860     3.5935
   38.0000     3.4955     3.2860     3.5935
   38.2500     3.4955     3.2860     3.5935
   38.5000     3.4955     3.2860     3.5935
   38.7500     3.4955     3.2860     3.5935
   39.0000     3.4955     3.2860     3.5935
   39.2500     3.4955     3.2860     3.5935
   39.5000     3.4955     3.2860     3.5935
   39.7500     3.4955     3.2860     3.5935
   40.0000     3.4955     3.2860     3.5935
   40.2500     3.4955     3.2860     3.5935
   40.5000     3.4955     3.2860     3.5935
   40.7500     3.4955     3.2860     3.5935
   41.0000     3.4955     3.2860     3.5935
   41.2500     3.4955     3.2860     3.5935
   41.5000     3.4955     3.2860     3.5935
   41.7500     3.4955     3.2860     3.5935
   42.0000     3.4955     3.2860     3.5935
   42.2500     3.4955     3.2860     3.5935
   42.5000     3.4955     3.2860     3.5935
   42.7500     3.4955     3.2860     3.5935
   43.0000     3.4955     3.2860     3.5935
   43.2500     3.4955     3.2860     3.5935
   43.5000     3.4955     3.2860     3.5935
   43.7500     3.4955     3.2860     3.5935
   44.0000     3.4955     3.2860     3.5935
   44.2500     3.4955     3.2860     3.5935
   44.5000     3.4955     3.2860     3.5935
   44.7500     3.4955     3.2860     3.5935
   45.0000     3.4955     3.2860     3.5935
   45.2500     3.4955     3.2860     3.5935
   45.5000     3.4955     3.2860     3.5935
   45.7500     3.4955     3.2860     3.5935
   46.0000     3.4955     3.2860     3.5935
   46.2500     3.4955     3.2860     3.5935
   46.5000     3.4955     3.2860     3.5935
   46.7500     3.4955     3.2860     3.5935
   47.0000     3.4955     3.2860     3.5935
   47.2500     3.4955     3.2860     3.5935
   47.5000     3.4955     3.2860     3.5935
   47.7500     3.4955     3.2860     3.5935
   48.0000     3.4955     3.2860     3.5935
   48.2500     3.4955     3.2860     3.5935
   48.5000     3.4955     3.2860     3.5935
   48.7500     3.4955     3.2860     3.5935
   49.0000     3.4955     3.2860     3.5935
   49.2500     3.4955     3.2860     3.5935
   49.5000     3.4955     3.2860     3.5935
   49.7500     3.4955     3.2860     3.5935
   50.0000     3.4955     3.2860     3.5935
   50.2500     3.4955     3.2860     3.5935
   50.5000     3.4955     3.2860     3.5935
   50.7500     3.4955     3.2860     3.5935
   51.0000     3.4955     3.2860     3.5935
   51.2500     3.4955     3.2860     3.5935
   51.5000     3.4955     3.2860     3.5935
   51.7500     3.4955     3.2860     3.5935
   52.0000     3.4955     3.2860     3.5935
   52.2500     3.4955     3.2860     3.5935
   52.5000     3.4955     3.2860     3.5935
   52.7500     3.4955     3.2860     3.5935
   53.0000     3.4955     3.2860     3.5935
   53.2500     3.4955     3.2860     3.5935
   53.5000     3.4955     3.2860     3.5935
   53.7500     3.4955     3.2860     3.5935
   54.0000     3.4955     3.2860     3.5935
   54.2500     3.4955     3.2860     3.5935
   54.5000     3.4955     3.2860     3.5935
   54.7500     3.4955     3.2860     3.5935
   55.0000     3.4955     3.2860     3.5935
   55.2500     3.4955     3.2860     3.5935
   55.5000     3.4955     3.2860     3.5935
   55.7500     3.4955     3.2860     3.5935
   56.0000     3.4955     3.2860     3.5935
   56.2500     3.4955     3.2860     3.5935
   56.5000     3.4955     3.2860     3.5935
   56.7500     3.4955     3.2860     3.5935
   57.0000     3.4955     3.2860     3.5935
   57.2500     3.4955     3.2860     3.5935
   57.5000     3.4955     3.2860     3.5935
   57.7500     3.4955     3.2860     3.5935
   58.0000     3.4955     3.2860     3.5935
   58.2500     3.5556     3.2860     3.6717
   58.5000     3.5661     3.2860     3.8044
   58.7500     3.5788     3.2860     3.8700
   59.0000     3.5906     3.2860     3.9836
   59.2500     3.7025     3.2860     4.0688
   59.5000     3.7471     3.2961     4.0726
   59.7500     3.8206     3.3966     4.0929
   60.0000     3.8590     3.5370     4.0957
