# depth_km vs_median_km_s vs_p16 vs_p84
    0.0000     1.8419     1.8248     1.8592
    0.2500     1.8419     1.8248     1.8592
    0.5000     1.8419     1.8248     1.8592
    0.7500     1.8419     1.8248     1.8592
    1.0000     1.8419     1.8248     1.8592
    1.2500     1.8419     1.8248     1.8592
    1.5000     1.8624     1.8427     2.7932
    1.7500     2.9754     2.7887     3.0189
    2.0000     2.9754     2.7887     3.0189
    2.2500     2.9754     2.7887     3.0189
    2.5000     2.9754     2.7887     3.0189
    2.7500     2.9754     2.7887     3.0189
    3.0000     2.9754     2.7887     3.0189
    3.2500     2.9754     2.7887     3.0189
    3.5000     2.9754     2.7887     3.0189
    3.7500     2.9754     2.7887     3.0189
    4.0000     2.9754     2.7887     3.0189
    4.2500     2.9754     2.7887     3.0189
    4.5000     2.9754     2.7887     3.0189
    4.7500     2.9754     2.7887     3.0189
    5.0000     2.9754     2.7887     3.0189
    5.2500     2.9754     2.7887     3.0189
    5.5000     2.9607     2.7792     3.0189
    5.7500     2.8093     2.5682     2.8958
    6.0000     2.7519     2.5682     2.8855
    6.2500     2.7519     2.5682     2.8855
    6.5000     2.7519     2.5682     2.8855
    6.7500     2.7519     2.5682     2.8855
    7.0000     2.7519     2.5682     2.8855
    7.2500     2.7519     2.5682     2.8855
    7.5000     2.7519     2.5682     2.8855
    7.7500     2.7519     2.5682     2.8855
    8.0000     2.7519     2.5682     2.8855
    8.2500     2.7519     2.5682     2.8855
    8.5000     2.7519     2.5682     2.8855
    8.7500     2.7519     2.5682     2.8855
    9.0000     2.7519     2.5682     2.8855
    9.2500     2.7519     2.5682     2.8855
    9.5000     2.7519     2.5682     2.8855
    9.7500     2.7519     2.5682     2.8855
   10.0000     2.7519     2.5682     2.8855
   10.2500     2.7519     2.5682     2.8855
   10.5000     2.7519     2.5682     2.8855
   10.7500     2.7519     2.5682     2.8855
   11.0000     2.7519     2.5682     2.8932
   11.2500     2.8935     2.5691     3.5527
   11.5000     3.2167     2.6626     3.5681
   11.7500     3.2483     2.9549     3.5681
   12.0000     3.2483     2.9549     3.5681
   12.2500     3.2483     2.9549     3.5681
   12.5000     3.2483     2.9549     3.5681
   12.7500     3.2483     2.9549     3.5681
   13.0000     3.2483     2.9549     3.5681
   13.2500     3.2483     2.9549     3.5681
   13.5000     3.2483     2.9549     3.5681
   13.7500     3.2483     2.9549     3.5681
   14.0000     3.2483     2.9549     3.5681
   14.2500     3.2483     2.9549     3.5681
   14.5000     3.2483     2.9549     3.5681
   14.7500     3.2483     2.9549     3.5681
   15.0000     3.2483     2.9549     3.5681
   15.2500     3.2483     2.9549     3.5681
   15.5000     3.2483     2.9549     3.5681
   15.7500     3.2483     2.9549     3.5681
   16.0000     3.2483     2.9549     3.5681
   16.2500     3.2483     2.9549     3.5681
   16.5000     3.2483     2.9549     3.5681
   16.7500     3.2483     2.9549     3.5681
   17.0000     3.2483     2.9549     3.5681
   17.2500     3.2483     2.9549     3.5681
   17.5000     3.2483     2.9549     3.5681
   17.7500     3.2483     2.9549     3.5681
   18.0000     3.2483     2.9549     3.5681
   18.2500     3.2483     2.9549     3.5681
   18.5000     3.2483     2.9549     3.5681
   18.7500     3.2483     2.9549     3.5681
   19.0000     3.2483     2.9549     3.5681
   19.2500     3.2483     2.9549     3.5011
   19.5000     3.2218     2.9549     3.3738
   19.7500     3.2048     2.9549     3.3353
   20.0000     3.1910     2.9509     3.3353
   20.2500     3.1893     2.8950     3.3353
   20.5000     3.1893     2.8964     3.3353
   20.7500     3.1893     2.8964     3.3353
   21.0000     3.1893     2.8964     3.3353
   21.2500     3.1893     2.8964     3.3353
   21.5000     3.1893     2.8964     3.3353
   21.7500     3.1893     2.8964     3.3353
   22.0000     3.1893     2.8964     3.3353
   22.2500     3.1893     2.8964     3.3353
   22.5000     3.1893     2.8964     3.3353
   22.7500     3.1893     2.8964     3.3353
   23.0000     3.1893     2.8964     3.3353
   23.2500     3.1893     2.8964     3.3353
   23.5000     3.1893     2.8964     3.3353
   23.7500     3.1893     2.8964     3.3353
   24.0000     3.1893     2.8964     3.3353
   24.2500     3.1893     2.8964     3.3353
   24.5000     3.1893     2.8964     3.3353
   24.7500     3.1893     2.8964     3.3353
   25.0000     3.1893     2.8964     3.3353
   25.2500     3.1893     2.8964     3.3353
   25.5000     3.1893     2.8964     3.3353
   25.7500     3.1893     2.8964     3.3353
   26.0000     3.1893     2.8964     3.3353
   26.2500     3.1893     2.8964     3.3353
   26.5000     3.1893     2.8964     3.3353
   26.7500     3.1893     2.8964     3.3353
   27.0000     3.1893     2.8964     3.3353
   27.2500     3.1893     2.8964     3.3353
   27.5000     3.1893     2.8964     3.3353
   27.7500     3.1893     2.8964     3.3353
   28.0000     3.1893     2.8964     3.3353
   28.2500     3.1893     2.8964     3.3353
   28.5000     3.1893     2.8964     3.3353
   28.7500     3.1893     2.8964     3.3353
   29.0000     3.1893     2.8964     3.3587
   29.2500     3.1895     2.8964     3.3825
   29.5000     3.2780     2.8964     3.4233
   29.7500     3.2994     2.8964     3.4579
   30.0000     3.3263     2.8964     3.4592
   30.2500     3.3404     2.8964     3.4595
   30.5000     3.3404     3.2115     3.4595
   30.7500     3.3404     3.2115     3.4595
   31.0000     3.3404     3.2115     3.4595
   31.2500     3.3404     3.2115     3.4595
   31.5000     3.3404     3.2115     3.4595
   31.7500     3.3404     3.2115     3.4595
   32.0000     3.3404     3.2115     3.4595
   32.2500     3.3404     3.2115     3.4595
   32.5000     3.3404     3.2115     3.4595
   32.7500     3.3404     3.2115     3.4595
   33.0000     3.3404     3.2115     3.4595
   33.2500     3.3404     3.2115     3.4595
   33.5000     3.3404     3.2115     3.4595
   33.7500     3.3404     3.2115     3.4595
   34.0000     3.3404     3.2115     3.4595
   34.2500     3.3404     3.2115     3.4595
   34.5000     3.3404     3.2115     3.4595
   34.7500     3.3404     3.2115     3.4595
   35.0000     3.3404     3.2115     3.4595
   35.2500     3.3404     3.2115     3.4595
   35.5000     3.3404     3.2115     3.4595
   35.7500     3.3404     3.2115     3.4595
   36.0000     3.3404     3.2115     3.4595
   36.2500     3.3404     3.2115     3.4595
   36.5000     3.3404     3.2115     3.4595
   36.7500     3.3404     3.2115     3.4595
   37.0000     3.3404     3.2115     3.4595
   37.2500     3.3404     3.2115     3.4595
   37.5000     3.3404     3.2115     3.4595
   37.7500     3.3404     3.2115     3.4595
   38.0000     3.3404     3.2115     3.4595
   38.2500     3.3404     3.2115     3.4595
   38.5000     3.3404     3.2115     3.4595
   38.7500     3.3404     3.2115     3.4595
   39.0000     3.3404     3.2115     3.4595
   39.2500     3.3404     3.2115     3.4595
   39.5000     3.3404     3.2115     3.4595
   39.7500     3.3404     3.2115     3.4595
   40.0000     3.3404     3.2115     3.4595
   40.2500     3.3404     3.2115     3.4595
   40.5000     3.3404     3.2115     3.4595
   40.7500     3.3404     3.2115     3.4595
   41.0000     3.3404     3.2115     3.4595
   41.2500     3.3404     3.2115     3.4595
   41.5000     3.3404     3.2115     3.4595
   41.7500     3.3404     3.2115     3.4595
   42.0000     3.3404     3.2115     3.4595
   42.2500     3.3404     3.2115     3.4595
   42.5000     3.3404     3.2115     3.4595
   42.7500     3.3404     3.2115     3.4595
   43.0000     3.3404     3.2115     3.4595
   43.2500     3.3404     3.2115     3.4595
   43.5000     3.3404     3.2115     3.4595
   43.7500     3.3404     3.2115     3.4595
   44.0000     3.3404     3.2115     3.4595
   44.2500     3.3404     3.2115     3.4595
   44.5000     3.3404     3.2115     3.4595
   44.7500     3.3404     3.2115     3.4595
   45.0000     3.3404     3.2115     3.4595
   45.2500     3.3404     3.2115     3.4595
   45.5000     3.3404     3.2115     3.4595
   45.7500     3.3404     3.2115     3.4595
   46.0000     3.3404     3.2115     3.4595
   46.2500     3.3404     3.2115     3.4595
   46.5000     3.3404     3.2115     3.4595
   46.7500     3.3404     3.2115     3.4595
   47.0000     3.3404     3.2115     3.4595
   47.2500     3.3404     3.2115     3.4595
   47.5000     3.3404     3.2115     3.4595
   47.7500     3.3404     3.2115     3.4595
   48.0000     3.3404     3.2115     3.4595
   48.2500     3.3404     3.2115     3.4595
   48.5000     3.3404     3.2115     3.4595
   48.7500     3.3404     3.2115     3.4595
   49.0000     3.3404     3.2115     3.4595
   49.2500     3.3404     3.2115     3.4595
   49.5000     3.3404     3.2115     3.4595
   49.7500     3.3404     3.2115     3.4595
   50.0000     3.3404     3.2115     3.4595
   50.2500     3.3404     3.2115     3.4595
   50.5000     3.3404     3.2115     3.4595
   50.7500     3.3404     3.2115     3.4595
   51.0000     3.3404     3.2115     3.4595
   51.2500     3.3404     3.2115     3.4595
   51.5000     3.3404     3.2115     3.4595
   51.7500     3.3404     3.2115     3.4595
   52.0000     3.3404     3.2115     3.4595
   52.2500     3.3404     3.2115     3.4595
   52.5000     3.3404     3.2115     3.4595
   52.7500     3.3404     3.2115     3.4595
   53.0000     3.3404     3.2115     3.4595
   53.2500     3.3404     3.2115     3.4595
   53.5000     3.3404     3.2115     3.4595
   53.7500     3.3404     3.2115     3.4595
   54.0000     3.3404     3.2115     3.4595
   54.2500     3.3404     3.2115     3.4595
   54.5000     3.3404     3.2115     3.4595
   54.7500     3.3404     3.2115     3.4595
   55.0000     3.3404     3.2115     3.4595
   55.2500     3.3404     3.2115     3.4595
   55.5000     3.3404     3.2115     3.4595
   55.7500     3.3404     3.2115     3.4595
   56.0000     3.3404     3.2115     3.4595
   56.2500     3.3404     3.2115     3.4595
   56.5000     3.3404     3.2115     3.4595
   56.7500     3.3404     3.2115     3.4595
   57.0000     3.3404     3.2115     3.4595
   57.2500     3.3404     3.2115     3.4595
   57.5000     3.3404     3.2115     3.4595
   57.7500     3.3404     3.2115     3.4595
   58.0000     3.3446     3.2115     3.4608
   58.2500     3.3780     3.2115     3.4685
   58.5000     3.4023     3.2115     3.4744
   58.7500     3.4288     3.2115     3.4954
   59.0000     3.4446     3.2516     3.5143
   59.2500     3.4658     3.3510     3.5929
   59.5000     3.4814     3.4095     3.6135
   59.7500     3.4855     3.4095     3.6222
   60.0000     3.4894     3.4095     3.6310
