# depth_km vs_median_km_s vs_p16 vs_p84
    0.0000     1.7747     1.7605     1.7980
    0.2500     1.7747     1.7605     1.7980
    0.5000     1.7747     1.7605     1.7980
    0.7500     1.7747     1.7605     1.7980
    1.0000     1.7747     1.7605     1.7980
    1.2500     1.7747     1.7605     1.7980
    1.5000     1.7767     1.7627     1.8029
    1.7500     2.6452     2.4989     2.7335
    2.0000     2.6779     2.5981     2.7420
    2.2500     2.6779     2.5981     2.7420
    2.5000     2.6779     2.5981     2.7420
    2.7500     2.6779     2.5981     2.7420
    3.0000     2.6779     2.5981     2.7420
    3.2500     2.6779     2.5981     2.7420
    3.5000     2.6779     2.5981     2.7420
    3.7500     2.6779     2.5981     2.7420
    4.0000     2.6779     2.5981     2.7420
    4.2500     2.6779     2.5981     2.7420
    4.5000     2.6779     2.5981     2.7420
    4.7500     2.6779     2.5981     2.7420
    5.0000     2.6779     2.5981     2.7420
    5.2500     2.6779     2.5981     2.7420
    5.5000     2.7088     2.6121     2.7548
    5.7500     2.8479     2.6869     2.9246
    6.0000     2.8561     2.6285     2.9246
    6.2500     2.8561     2.6285     2.9246
    6.5000     2.8561     2.6285     2.9246
    6.7500     2.8561     2.6285     2.9246
    7.0000     2.8561     2.6285     2.9246
    7.2500     2.8561     2.6285     2.9246
    7.5000     2.8561     2.6285     2.9246
    7.7500     2.8561     2.6285     2.9246
    8.0000     2.8561     2.6285     2.9246
    8.2500     2.8561     2.6285     2.9246
    8.5000     2.8561     2.6285     2.9246
    8.7500     2.8561     2.6285     2.9246
    9.0000     2.8561     2.6285     2.9246
    9.2500     2.8561     2.6285     2.9246
    9.5000     2.8561     2.6285     2.9246
    9.7500     2.8561     2.6285     2.9246
   10.0000     2.8561     2.6285     2.9246
   10.2500     2.8561     2.6285     2.9246
   10.5000     2.8561     2.6285     2.9246
   10.7500     2.8561     2.6285     2.9246
   11.0000     2.8561     2.6285     2.9246
   11.2500     2.8561     2.6285     2.9246
   11.5000     2.8675     2.6285     3.2020
   11.7500     3.0440     2.6285     3.2248
   12.0000     3.1005     2.7437     3.2248
   12.2500     3.1005     2.7581     3.2248
   12.5000     3.1005     2.7581     3.2248
   12.7500     3.1005     2.7581     3.2248
   13.0000     3.1005     2.7581     3.2248
   13.2500     3.1005     2.7581     3.2248
   13.5000     3.1005     2.7581     3.2248
   13.7500     3.1005     2.7581     3.2248
   14.0000     3.1005     2.7581     3.2248
   14.2500     3.1005     2.7581     3.2248
   14.5000     3.1005     2.7581     3.2248
   14.7500     3.1005     2.7581     3.2248
   15.0000     3.1005     2.7581     3.2248
   15.2500     3.1005     2.7581     3.2248
   15.5000     3.1005     2.7581     3.2248
   15.7500     3.1005     2.7581     3.2248
   16.0000     3.1005     2.7581     3.2248
   16.2500     3.1005     2.7581     3.2248
   16.5000     3.1005     2.7581     3.2248
   16.7500     3.1005     2.7581     3.2248
   17.0000     3.1005     2.7581     3.2248
   17.2500     3.1005     2.7581     3.2248
   17.5000     3.1005     2.7581     3.2248
   17.7500     3.1005     2.7581     3.2248
   18.0000     3.1005     2.7581     3.2248
   18.2500     3.1005     2.7581     3.2248
   18.5000     3.1005     2.7581     3.2248
   18.7500     3.1005     2.7581     3.2248
   19.0000     3.1005     2.7581     3.2248
   19.2500     3.1173     2.7581     3.2248
   19.5000     3.1242     2.7581     3.2660
   19.7500     3.1397     2.7581     3.3268
   20.0000     3.2521     2.7581     3.3312
   20.2500     3.2521     2.7581     3.3312
   20.5000     3.2521     2.9636     3.3312
   20.7500     3.2521     2.9636     3.3312
   21.0000     3.2521     2.9636     3.3312
   21.2500     3.2521     2.9636     3.3312
   21.5000     3.2521     2.9636     3.3312
   21.7500     3.2521     2.9636     3.3312
   22.0000     3.2521     2.9636     3.3312
   22.2500     3.2521     2.9636     3.3312
   22.5000     3.2521     2.9636     3.3312
   22.7500     3.2521     2.9636     3.3312
   23.0000     3.2521     2.9636     3.3312
   23.2500     3.2521     2.9636     3.3312
   23.5000     3.2521     2.9636     3.3312
   23.7500     3.2521     2.9636     3.3312
   24.0000     3.2521     2.9636     3.3312
   24.2500     3.2521     2.9636     3.3312
   24.5000     3.2521     2.9636     3.3312
   24.7500     3.2521     2.9636     3.3312
   25.0000     3.2521     2.9636     3.3312
   25.2500     3.2521     2.9636     3.3312
   25.5000     3.2521     2.9636     3.3312
   25.7500     3.2521     2.9636     3.3312
   26.0000     3.2521     2.9636     3.3312
   26.2500     3.2521     2.9636     3.3312
   26.5000     3.2521     2.9636     3.3312
   26.7500     3.2521     2.9636     3.3312
   27.0000     3.2521     2.9636     3.3312
   27.2500     3.2521     2.9636     3.3312
   27.5000     3.2521     2.9636     3.3312
   27.7500     3.2521     2.9636     3.3312
   28.0000     3.2521     2.9636     3.3312
   28.2500     3.2521     2.9636     3.3312
   28.5000     3.2521     2.9636     3.3312
   28.7500     3.2521     2.9636     3.3312
   29.0000     3.2572     2.9636     3.3312
   29.2500     3.2650     2.9636     3.3517
   29.5000     3.2813     2.9636     3.4312
   29.7500     3.2813     2.9636     3.4813
   30.0000     3.3917     2.9636     3.5096
   30.2500     3.3971     2.9636     3.5096
   30.5000     3.4005     2.9636     3.5096
   30.7500     3.4005     3.2528     3.5096
   31.0000     3.4005     3.2528     3.5096
   31.2500     3.4005     3.2528     3.5096
   31.5000     3.4005     3.2528     3.5096
   31.7500     3.4005     3.2528     3.5096
   32.0000     3.4005     3.2528     3.5096
   32.2500     3.4005     3.2528     3.5096
   32.5000     3.4005     3.2528     3.5096
   32.7500     3.4005     3.2528     3.5096
   33.0000     3.4005     3.2528     3.5096
   33.2500     3.4005     3.2528     3.5096
   33.5000     3.4005     3.2528     3.5096
   33.7500     3.4005     3.2528     3.5096
   34.0000     3.4005     3.2528     3.5096
   34.2500     3.4005     3.2528     3.5096
   34.5000     3.4005     3.2528     3.5096
   34.7500     3.4005     3.2528     3.5096
   35.0000     3.4005     3.2528     3.5096
   35.2500     3.4005     3.2528     3.5096
   35.5000     3.4005     3.2528     3.5096
   35.7500     3.4005     3.2528     3.5096
   36.0000     3.4005     3.2528     3.5096
   36.2500     3.4005     3.2528     3.5096
   36.5000     3.4005     3.2528     3.5096
   36.7500     3.4005     3.2528     3.5096
   37.0000     3.4005     3.2528     3.5096
   37.2500     3.4005     3.2528     3.5096
   37.5000     3.4005     3.2528     3.5096
   37.7500     3.4005     3.2528     3.5096
   38.0000     3.4005     3.2528     3.5096
   38.2500     3.4005     3.2528     3.5096
   38.5000     3.4005     3.2528     3.5096
   38.7500     3.4005     3.2528     3.5096
   39.0000     3.4005     3.2528     3.5096
   39.2500     3.4005     3.2528     3.5096
   39.5000     3.4005     3.2528     3.5096
   39.7500     3.4005     3.2528     3.5096
   40.0000     3.4005     3.2528     3.5096
   40.2500     3.4005     3.2528     3.5096
   40.5000     3.4005     3.2528     3.5096
   40.7500     3.4005     3.2528     3.5096
   41.0000     3.4005     3.2528     3.5096
   41.2500     3.4005     3.2528     3.5096
   41.5000     3.4005     3.2528     3.5096
   41.7500     3.4005     3.2528     3.5096
   42.0000     3.4005     3.2528     3.5096
   42.2500     3.4005     3.2528     3.5096
   42.5000     3.4005     3.2528     3.5096
   42.7500     3.4005     3.2528     3.5096
   43.0000     3.4005     3.2528     3.5096
   43.2500     3.4005     3.2528     3.5096
   43.5000     3.4005     3.2528     3.5096
   43.7500     3.4005     3.2528     3.5096
   44.0000     3.4005     3.2528     3.5096
   44.2500     3.4005     3.2528     3.5096
   44.5000     3.4005     3.2528     3.5096
   44.7500     3.4005     3.2528     3.5096
   45.0000     3.4005     3.2528     3.5096
   45.2500     3.4005     3.2528     3.5096
   45.5000     3.4005     3.2528     3.5096
   45.7500     3.4005     3.2528     3.5096
   46.0000     3.4005     3.2528     3.5096
   46.2500     3.4005     3.2528     3.5096
   46.5000     3.4005     3.2528     3.5096
   46.7500     3.4005     3.2528     3.5096
   47.0000     3.4005     3.2528     3.5096
   47.2500     3.4005     3.2528     3.5096
   47.5000     3.4005     3.2528     3.5096
   47.7500     3.4005     3.2528     3.5096
   48.0000     3.4005     3.2528     3.5096
   48.2500     3.4005     3.2528     3.5096
   48.5000     3.4005     3.2528     3.5096
   48.7500     3.4005     3.2528     3.5096
   49.0000     3.4005     3.2528     3.5096
   49.2500     3.4005     3.2528     3.5096
   49.5000     3.4005     3.2528     3.5096
   49.7500     3.4005     3.2528     3.5096
   50.0000     3.4005     3.2528     3.5096
   50.2500     3.4005     3.2528     3.5096
   50.5000     3.4005     3.2528     3.5096
   50.7500     3.4005     3.2528     3.5096
   51.0000     3.4005     3.2528     3.5096
   51.2500     3.4005     3.2528     3.5096
   51.5000     3.4005     3.2528     3.5096
   51.7500     3.4005     3.2528     3.5096
   52.0000     3.4005     3.2528     3.5096
   52.2500     3.4005     3.2528     3.5096
   52.5000     3.4005     3.2528     3.5096
   52.7500     3.4005     3.2528     3.5096
   53.0000     3.4005     3.2528     3.5096
   53.2500     3.4005     3.2528     3.5096
   53.5000     3.4005     3.2528     3.5096
   53.7500     3.4005     3.2528     3.5096
   54.0000     3.4005     3.2528     3.5096
   54.2500     3.4005     3.2528     3.5096
   54.5000     3.4005     3.2528     3.5096
   54.7500     3.4005     3.2528     3.5096
   55.0000     3.4005     3.2528     3.5096
   55.2500     3.4005     3.2528     3.5096
   55.5000     3.4005     3.2528     3.5096
   55.7500     3.4005     3.2528     3.5096
   56.0000     3.4005     3.2528     3.5096
   56.2500     3.4005     3.2528     3.5096
   56.5000     3.4005     3.2528     3.5096
   56.7500     3.4005     3.2528     3.5096
   57.0000     3.4005     3.2528     3.5096
   57.2500     3.4005     3.2528     3.5096
   57.5000     3.4005     3.2528     3.5096
   57.7500     3.4005     3.2528     3.5096
   58.0000     3.4005     3.2528     3.5096
   58.2500     3.4005     3.2528     3.5096
   58.5000     3.4074     3.2528     3.5643
   58.7500     3.4322     3.2528     3.7487
   59.0000     3.4806     3.2543     3.7487
   59.2500     3.5089     3.2543     3.7900
   59.5000     3.5318     3.2543     3.7972
   59.7500     3.5572     3.2543     3.8080
   60.0000     3.5930     3.2566     3.8204
