# depth_km vs_median_km_s vs_p16 vs_p84
    0.0000     1.8157     1.8038     1.8334
    0.2500     1.8157     1.8038     1.8334
    0.5000     1.8157     1.8038     1.8334
    0.7500     1.8157     1.8038     1.8334
    1.0000     1.8157     1.8038     1.8334
    1.2500     1.8157     1.8038     1.8334
    1.5000     2.6177     1.8289     2.6725
    1.7500     2.6865     2.6196     2.8161
    2.0000     2.6865     2.6196     2.8161
    2.2500     2.6865     2.6196     2.8161
    2.5000     2.6865     2.6196     2.8161
    2.7500     2.6865     2.6196     2.8161
    3.0000     2.6865     2.6196     2.8161
    3.2500     2.6865     2.6196     2.8161
    3.5000     2.6865     2.6196     2.8161
    3.7500     2.6865     2.6196     2.8161
    4.0000     2.6865     2.6196     2.8161
    4.2500     2.6865     2.6196     2.8161
    4.5000     2.6865     2.6196     2.8161
    4.7500     2.6865     2.6196     2.8161
    5.0000     2.6865     2.6196     2.8161
    5.2500     2.7081     2.6200     2.8522
    5.5000     2.8519     2.6932     2.9505
    5.7500     2.8715     2.6980     2.9614
    6.0000     2.8663     2.6980     2.9614
    6.2500     2.8663     2.6980     2.9614
    6.5000     2.8663     2.6980     2.9614
    6.7500     2.8663     2.6980     2.9614
    7.0000     2.8663     2.6980     2.9614
    7.2500     2.8663     2.6980     2.9614
    7.5000     2.8663     2.6980     2.9614
    7.7500     2.8663     2.6980     2.9614
    8.0000     2.8663     2.6980     2.9614
    8.2500     2.8663     2.6980     2.9614
    8.5000     2.8663     2.6980     2.9614
    8.7500     2.8663     2.6980     2.9614
    9.0000     2.8663     2.6980     2.9614
    9.2500     2.8663     2.6980     2.9614
    9.5000     2.8663     2.6980     2.9614
    9.7500     2.8663     2.6980     2.9614
   10.0000     2.8663     2.6980     2.9614
   10.2500     2.8663     2.6980     2.9614
   10.5000     2.8663     2.6980     2.9614
   10.7500     2.8663     2.6980     2.9614
   11.0000     2.8663     2.6980     2.9614
   11.2500     2.8663     2.6980     2.9649
   11.5000     2.9707     2.6980     3.1003
   11.7500     3.0592     2.7659     3.1392
   12.0000     3.0592     2.8001     3.1392
   12.2500     3.0592     2.8001     3.1392
   12.5000     3.0592     2.8001     3.1392
   12.7500     3.0592     2.8001     3.1392
   13.0000     3.0592     2.8001     3.1392
   13.2500     3.0592     2.8001     3.1392
   13.5000     3.0592     2.8001     3.1392
   13.7500     3.0592     2.8001     3.1392
   14.0000     3.0592     2.8001     3.1392
   14.2500     3.0592     2.8001     3.1392
   14.5000     3.0592     2.8001     3.1392
   14.7500     3.0592     2.8001     3.1392
   15.0000     3.0592     2.8001     3.1392
   15.2500     3.0592     2.8001     3.1392
   15.5000     3.0592     2.8001     3.1392
   15.7500     3.0592     2.8001     3.1392
   16.0000     3.0592     2.8001     3.1392
   16.2500     3.0592     2.8001     3.1392
   16.5000     3.0592     2.8001     3.1392
   16.7500     3.0592     2.8001     3.1392
   17.0000     3.0592     2.8001     3.1392
   17.2500     3.0592     2.8001     3.1392
   17.5000     3.0592     2.8001     3.1392
   17.7500     3.0592     2.8001     3.1392
   18.0000     3.0592     2.8001     3.1392
   18.2500     3.0592     2.8001     3.1392
   18.5000     3.0592     2.8001     3.1392
   18.7500     3.0592     2.8001     3.1392
   19.0000     3.0593     2.8001     3.1405
   19.2500     3.1240     2.8001     3.3211
   19.5000     3.1395     2.8001     3.3487
   19.7500     3.2456     2.8122     3.3602
   20.0000     3.2869     2.9640     3.3602
   20.2500     3.2945     2.9939     3.3602
   20.5000     3.2945     2.9939     3.3602
   20.7500     3.2945     2.9939     3.3602
   21.0000     3.2945     2.9939     3.3602
   21.2500     3.2945     2.9939     3.3602
   21.5000     3.2945     2.9939     3.3602
   21.7500     3.2945     2.9939     3.3602
   22.0000     3.2945     2.9939     3.3602
   22.2500     3.2945     2.9939     3.3602
   22.5000     3.2945     2.9939     3.3602
   22.7500     3.2945     2.9939     3.3602
   23.0000     3.2945     2.9939     3.3602
   23.2500     3.2945     2.9939     3.3602
   23.5000     3.2945     2.9939     3.3602
   23.7500     3.2945     2.9939     3.3602
   24.0000     3.2945     2.9939     3.3602
   24.2500     3.2945     2.9939     3.3602
   24.5000     3.2945     2.9939     3.3602
   24.7500     3.2945     2.9939     3.3602
   25.0000     3.2945     2.9939     3.3602
   25.2500     3.2945     2.9939     3.3602
   25.5000     3.2945     2.9939     3.3602
   25.7500     3.2945     2.9939     3.3602
   26.0000     3.2945     2.9939     3.3602
   26.2500     3.2945     2.9939     3.3602
   26.5000     3.2945     2.9939     3.3602
   26.7500     3.2945     2.9939     3.3602
   27.0000     3.2945     2.9939     3.3602
   27.2500     3.2945     2.9939     3.3602
   27.5000     3.2945     2.9939     3.3602
   27.7500     3.2945     2.9939     3.3602
   28.0000     3.2945     2.9939     3.3602
   28.2500     3.2945     2.9939     3.3602
   28.5000     3.2945     2.9939     3.3602
   28.7500     3.2945     2.9939     3.3602
   29.0000     3.2945     2.9939     3.3822
   29.2500     3.3058     2.9939     3.4549
   29.5000     3.3113     2.9939     3.4795
   29.7500     3.3587     2.9939     3.4846
   30.0000     3.3841     3.2564     3.4858
   30.2500     3.3980     3.3132     3.4927
   30.5000     3.3980     3.3132     3.4927
   30.7500     3.3980     3.3132     3.4927
   31.0000     3.3980     3.3132     3.4927
   31.2500     3.3980     3.3132     3.4927
   31.5000     3.3980     3.3132     3.4927
   31.7500     3.3980     3.3132     3.4927
   32.0000     3.3980     3.3132     3.4927
   32.2500     3.3980     3.3132     3.4927
   32.5000     3.3980     3.3132     3.4927
   32.7500     3.3980     3.3132     3.4927
   33.0000     3.3980     3.3132     3.4927
   33.2500     3.3980     3.3132     3.4927
   33.5000     3.3980     3.3132     3.4927
   33.7500     3.3980     3.3132     3.4927
   34.0000     3.3980     3.3132     3.4927
   34.2500     3.3980     3.3132     3.4927
   34.5000     3.3980     3.3132     3.4927
   34.7500     3.3980     3.3132     3.4927
   35.0000     3.3980     3.3132     3.4927
   35.2500     3.3980     3.3132     3.4927
   35.5000     3.3980     3.3132     3.4927
   35.7500     3.3980     3.3132     3.4927
   36.0000     3.3980     3.3132     3.4927
   36.2500     3.3980     3.3132     3.4927
   36.5000     3.3980     3.3132     3.4927
   36.7500     3.3980     3.3132     3.4927
   37.0000     3.3980     3.3132     3.4927
   37.2500     3.3980     3.3132     3.4927
   37.5000     3.3980     3.3132     3.4927
   37.7500     3.3980     3.3132     3.4927
   38.0000     3.3980     3.3132     3.4927
   38.2500     3.3980     3.3132     3.4927
   38.5000     3.3980     3.3132     3.4927
   38.7500     3.3980     3.3132     3.4927
   39.0000     3.3980     3.3132     3.4927
   39.2500     3.3980     3.3132     3.4927
   39.5000     3.3980     3.3132     3.4927
   39.7500     3.3980     3.3132     3.4927
   40.0000     3.3980     3.3132     3.4927
   40.2500     3.3980     3.3132     3.4927
   40.5000     3.3980     3.3132     3.4927
   40.7500     3.3980     3.3132     3.4927
   41.0000     3.3980     3.3132     3.4927
   41.2500     3.3980     3.3132     3.4927
   41.5000     3.3980     3.3132     3.4927
   41.7500     3.3980     3.3132     3.4927
   42.0000     3.3980     3.3132     3.4927
   42.2500     3.3980     3.3132     3.4927
   42.5000     3.3980     3.3132     3.4927
   42.7500     3.3980     3.3132     3.4927
   43.0000     3.3980     3.3132     3.4927
   43.2500     3.3980     3.3132     3.4927
   43.5000     3.3980     3.3132     3.4927
   43.7500     3.3980     3.3132     3.4927
   44.0000     3.3980     3.3132     3.4927
   44.2500     3.3980     3.3132     3.4927
   44.5000     3.3980     3.3132     3.4927
   44.7500     3.3980     3.3132     3.4927
   45.0000     3.3980     3.3132     3.4927
   45.2500     3.3980     3.3132     3.4927
   45.5000     3.3980     3.3132     3.4927
   45.7500     3.3980     3.3132     3.4927
   46.0000     3.3980     3.3132     3.4927
   46.2500     3.3980     3.3132     3.4927
   46.5000     3.3980     3.3132     3.4927
   46.7500     3.3980     3.3132     3.4927
   47.0000     3.3980     3.3132     3.4927
   47.2500     3.3980     3.3132     3.4927
   47.5000     3.3980     3.3132     3.4927
   47.7500     3.3980     3.3132     3.4927
   48.0000     3.3980     3.3132     3.4927
   48.2500     3.3980     3.3132     3.4927
   48.5000     3.3980     3.3132     3.4927
   48.7500     3.3980     3.3132     3.4927
   49.0000     3.3980     3.3132     3.4927
   49.2500     3.3980     3.3132     3.4927
   49.5000     3.3980     3.3132     3.4927
   49.7500     3.3980     3.3132     3.4927
   50.0000     3.3980     3.3132     3.4927
   50.2500     3.3980     3.3132     3.4927
   50.5000     3.3980     3.3132     3.4927
   50.7500     3.3980     3.3132     3.4927
   51.0000     3.3980     3.3132     3.4927
   51.2500     3.3980     3.3132     3.4927
   51.5000     3.3980     3.3132     3.4927
   51.7500     3.3980     3.3132     3.4927
   52.0000     3.3980     3.3132     3.4927
   52.2500     3.3980     3.3132     3.4927
   52.5000     3.3980     3.3132     3.4927
   52.7500     3.3980     3.3132     3.4927
   53.0000     3.3980     3.3132     3.4927
   53.2500     3.3980     3.3132     3.4927
   53.5000     3.3980     3.3132     3.4927
   53.7500     3.3980     3.3132     3.4927
   54.0000     3.3980     3.3132     3.4927
   54.2500     3.3980     3.3132     3.4927
   54.5000     3.3980     3.3132     3.4927
   54.7500     3.3980     3.3132     3.4927
   55.0000     3.3980     3.3132     3.4927
   55.2500     3.3980     3.3132     3.4927
   55.5000     3.3980     3.3132     3.4927
   55.7500     3.3980     3.3132     3.4927
   56.0000     3.3980     3.3132     3.4927
   56.2500     3.3980     3.3132     3.4927
   56.5000     3.3980     3.3132     3.4927
   56.7500     3.3980     3.3132     3.4927
   57.0000     3.3980     3.3132     3.4927
   57.2500     3.3980     3.3132     3.4927
   57.5000     3.3980     3.3132     3.4927
   57.7500     3.3980     3.3132     3.4999
   58.0000     3.3980     3.3132     3.5435
   58.2500     3.3980     3.3132     3.5920
   58.5000     3.3980     3.3132     3.6362
   58.7500     3.3980     3.3132     3.6365
   59.0000     3.4374     3.3399     3.6478
   59.2500     3.4673     3.3487     3.7514
   59.5000     3.4836     3.3586     3.8280
   59.7500     3.5624     3.3903     3.8893
   60.0000     3.6479     3.4617     3.9056
