# depth_km vs_median_km_s vs_p16 vs_p84
    0.0000     1.8048     1.7999     1.8110
    0.2500     1.8048     1.7999     1.8110
    0.5000     1.8048     1.7999     1.8110
    0.7500     1.8048     1.7999     1.8110
    1.0000     1.8048     1.7999     1.8110
    1.2500     1.8048     1.7999     1.8110
    1.5000     1.8048     1.7999     1.8110
    1.7500     2.8975     2.7940     3.0361
    2.0000     2.8983     2.7945     3.0383
    2.2500     2.8983     2.7945     3.0383
    2.5000     2.8983     2.7945     3.0383
    2.7500     2.8983     2.7945     3.0383
    3.0000     2.8983     2.7945     3.0383
    3.2500     2.8983     2.7945     3.0383
    3.5000     2.8983     2.7945     3.0383
    3.7500     2.8983     2.7945     3.0383
    4.0000     2.8983     2.7945     3.0383
    4.2500     2.8983     2.7945     3.0383
    4.5000     2.8983     2.7945     3.0383
    4.7500     2.8983     2.7945     3.0383
    5.0000     2.8983     2.7945     3.0383
    5.2500     2.8983     2.7945     3.0383
    5.5000     2.8983     2.7736     3.0383
    5.7500     2.3364     2.2684     2.8395
    6.0000     2.3364     2.2684     2.7558
    6.2500     2.3364     2.2684     2.7558
    6.5000     2.3364     2.2684     2.7558
    6.7500     2.3364     2.2684     2.7558
    7.0000     2.3364     2.2684     2.7558
    7.2500     2.3364     2.2684     2.7558
    7.5000     2.3364     2.2684     2.7558
    7.7500     2.3364     2.2684     2.7558
    8.0000     2.3364     2.2684     2.7558
    8.2500     2.3364     2.2684     2.7558
    8.5000     2.3364     2.2684     2.7558
    8.7500     2.3364     2.2684     2.7558
    9.0000     2.3364     2.2684     2.7558
    9.2500     2.3364     2.2684     2.7558
    9.5000     2.3364     2.2684     2.7558
    9.7500     2.3364     2.2684     2.7558
   10.0000     2.3364     2.2684     2.7558
   10.2500     2.3364     2.2684     2.7558
   10.5000     2.3364     2.2684     2.7558
   10.7500     2.3364     2.2684     2.7558
   11.0000     2.3364     2.2684     2.7558
   11.2500     2.3364     2.2684     2.7558
   11.5000     2.3364     2.2684     2.9567
   11.7500     2.6803     2.5592     3.0292
   12.0000     2.7115     2.5932     3.0292
   12.2500     2.7115     2.5932     3.0292
   12.5000     2.7115     2.5932     3.0292
   12.7500     2.7115     2.5932     3.0292
   13.0000     2.7115     2.5932     3.0292
   13.2500     2.7115     2.5932     3.0292
   13.5000     2.7115     2.5932     3.0292
   13.7500     2.7115     2.5932     3.0292
   14.0000     2.7115     2.5932     3.0292
   14.2500     2.7115     2.5932     3.0292
   14.5000     2.7115     2.5932     3.0292
   14.7500     2.7115     2.5932     3.0292
   15.0000     2.7115     2.5932     3.0292
   15.2500     2.7115     2.5932     3.0292
   15.5000     2.7115     2.5932     3.0292
   15.7500     2.7115     2.5932     3.0292
   16.0000     2.7115     2.5932     3.0292
   16.2500     2.7115     2.5932     3.0292
   16.5000     2.7115     2.5932     3.0292
   16.7500     2.7115     2.5932     3.0292
   17.0000     2.7115     2.5932     3.0292
   17.2500     2.7115     2.5932     3.0292
   17.5000     2.7115     2.5932     3.0292
   17.7500     2.7115     2.5932     3.0292
   18.0000     2.7115     2.5932     3.0292
   18.2500     2.7115     2.5932     3.0292
   18.5000     2.7115     2.5932     3.0292
   18.7500     2.7115     2.5932     3.0292
   19.0000     2.7115     2.5932     3.0292
   19.2500     2.7115     2.5932     3.0292
   19.5000     2.7346     2.5932     3.1142
   19.7500     2.8982     2.5932     3.1907
   20.0000     2.9862     2.8444     3.1920
   20.2500     2.9862     2.8606     3.1920
   20.5000     2.9862     2.8606     3.1920
   20.7500     2.9862     2.8606     3.1920
   21.0000     2.9862     2.8606     3.1920
   21.2500     2.9862     2.8606     3.1920
   21.5000     2.9862     2.8606     3.1920
   21.7500     2.9862     2.8606     3.1920
   22.0000     2.9862     2.8606     3.1920
   22.2500     2.9862     2.8606     3.1920
   22.5000     2.9862     2.8606     3.1920
   22.7500     2.9862     2.8606     3.1920
   23.0000     2.9862     2.8606     3.1920
   23.2500     2.9862     2.8606     3.1920
   23.5000     2.9862     2.8606     3.1920
   23.7500     2.9862     2.8606     3.1920
   24.0000     2.9862     2.8606     3.1920
   24.2500     2.9862     2.8606     3.1920
   24.5000     2.9862     2.8606     3.1920
   24.7500     2.9862     2.8606     3.1920
   25.0000     2.9862     2.8606     3.1920
   25.2500     2.9862     2.8606     3.1920
   25.5000     2.9862     2.8606     3.1920
   25.7500     2.9862     2.8606     3.1920
   26.0000     2.9862     2.8606     3.1920
   26.2500     2.9862     2.8606     3.1920
   26.5000     2.9862     2.8606     3.1920
   26.7500     2.9862     2.8606     3.1920
   27.0000     2.9862     2.8606     3.1920
   27.2500     2.9862     2.8606     3.1920
   27.5000     2.9862     2.8606     3.1920
   27.7500     2.9862     2.8606     3.1920
   28.0000     2.9862     2.8606     3.1920
   28.2500     2.9862     2.8606     3.1920
   28.5000     2.9862     2.8606     3.1920
   28.7500     2.9862     2.8606     3.1920
   29.0000     2.9862     2.8606     3.1920
   29.2500     2.9862     2.8606     3.1920
   29.5000     2.9862     2.8606     3.5974
   29.7500     3.2233     2.8606     3.6713
   30.0000     3.5921     2.8622     3.6713
   30.2500     3.6189     3.5389     3.7105
   30.5000     3.6189     3.5389     3.7105
   30.7500     3.6189     3.5389     3.7105
   31.0000     3.6189     3.5389     3.7105
   31.2500     3.6189     3.5389     3.7105
   31.5000     3.6189     3.5389     3.7105
   31.7500     3.6189     3.5389     3.7105
   32.0000     3.6189     3.5389     3.7105
   32.2500     3.6189     3.5389     3.7105
   32.5000     3.6189     3.5389     3.7105
   32.7500     3.6189     3.5389     3.7105
   33.0000     3.6189     3.5389     3.7105
   33.2500     3.6189     3.5389     3.7105
   33.5000     3.6189     3.5389     3.7105
   33.7500     3.6189     3.5389     3.7105
   34.0000     3.6189     3.5389     3.7105
   34.2500     3.6189     3.5389     3.7105
   34.5000     3.6189     3.5389     3.7105
   34.7500     3.6189     3.5389     3.7105
   35.0000     3.6189     3.5389     3.7105
   35.2500     3.6189     3.5389     3.7105
   35.5000     3.6189     3.5389     3.7105
   35.7500     3.6189     3.5389     3.7105
   36.0000     3.6189     3.5389     3.7105
   36.2500     3.6189     3.5389     3.7105
   36.5000     3.6189     3.5389     3.7105
   36.7500     3.6189     3.5389     3.7105
   37.0000     3.6189     3.5389     3.7105
   37.2500     3.6189     3.5389     3.7105
   37.5000     3.6189     3.5389     3.7105
   37.7500     3.6189     3.5389     3.7105
   38.0000     3.6189     3.5389     3.7105
   38.2500     3.6189     3.5389     3.7105
   38.5000     3.6189     3.5389     3.7105
   38.7500     3.6189     3.5389     3.7105
   39.0000     3.6189     3.5389     3.7105
   39.2500     3.6189     3.5389     3.7105
   39.5000     3.6189     3.5389     3.7105
   39.7500     3.6189     3.5389     3.7105
   40.0000     3.6189     3.5389     3.7105
   40.2500     3.6189     3.5389     3.7105
   40.5000     3.6189     3.5389     3.7105
   40.7500     3.6189     3.5389     3.7105
   41.0000     3.6189     3.5389     3.7105
   41.2500     3.6189     3.5389     3.7105
   41.5000     3.6189     3.5389     3.7105
   41.7500     3.6189     3.5389     3.7105
   42.0000     3.6189     3.5389     3.7105
   42.2500     3.6189     3.5389     3.7105
   42.5000     3.6189     3.5389     3.7105
   42.7500     3.6189     3.5389     3.7105
   43.0000     3.6189     3.5389     3.7105
   43.2500     3.6189     3.5389     3.7105
   43.5000     3.6189     3.5389     3.7105
   43.7500     3.6189     3.5389     3.7105
   44.0000     3.6189     3.5389     3.7105
   44.2500     3.6189     3.5389     3.7105
   44.5000     3.6189     3.5389     3.7105
   44.7500     3.6189     3.5389     3.7105
   45.0000     3.6189     3.5389     3.7105
   45.2500     3.6189     3.5389     3.7105
   45.5000     3.6189     3.5389     3.7105
   45.7500     3.6189     3.5389     3.7105
   46.0000     3.6189     3.5389     3.7105
   46.2500     3.6189     3.5389     3.7105
   46.5000     3.6189     3.5389     3.7105
   46.7500     3.6189     3.5389     3.7105
   47.0000     3.6189     3.5389     3.7105
   47.2500     3.6189     3.5389     3.7105
   47.5000     3.6189     3.5389     3.7105
   47.7500     3.6189     3.5389     3.7105
   48.0000     3.6189     3.5389     3.7105
   48.2500     3.6189     3.5389     3.7105
   48.5000     3.6189     3.5389     3.7105
   48.7500     3.6189     3.5389     3.7105
   49.0000     3.6189     3.5389     3.7105
   49.2500     3.6189     3.5389     3.7105
   49.5000     3.6189     3.5389     3.7105
   49.7500     3.6189     3.5389     3.7105
   50.0000     3.6189     3.5389     3.7105
   50.2500     3.6189     3.5389     3.7105
   50.5000     3.6189     3.5389     3.7105
   50.7500     3.6189     3.5389     3.7105
   51.0000     3.6189     3.5389     3.7105
   51.2500     3.6189     3.5389     3.7105
   51.5000     3.6189     3.5389     3.7105
   51.7500     3.6189     3.5389     3.7105
   52.0000     3.6189     3.5389     3.7105
   52.2500     3.6189     3.5389     3.7105
   52.5000     3.6189     3.5389     3.7105
   52.7500     3.6189     3.5389     3.7105
   53.0000     3.6189     3.5389     3.7105
   53.2500     3.6189     3.5389     3.7105
   53.5000     3.6189     3.5389     3.7105
   53.7500     3.6189     3.5389     3.7105
   54.0000     3.6189     3.5389     3.7105
   54.2500     3.6189     3.5389     3.7105
   54.5000     3.6189     3.5389     3.7105
   54.7500     3.6189     3.5389     3.7105
   55.0000     3.6189     3.5389     3.7105
   55.2500     3.6189     3.5389     3.7105
   55.5000     3.6189     3.5389     3.7105
   55.7500     3.6189     3.5389     3.7105
   56.0000     3.6189     3.5389     3.7105
   56.2500     3.6189     3.5389     3.7105
   56.5000     3.6189     3.5389     3.7105
   56.7500     3.6189     3.5389     3.7105
   57.0000     3.6189     3.5389     3.7105
   57.2500     3.6189     3.5389     3.7105
   57.5000     3.6189     3.5389     3.7105
   57.7500     3.6189     3.5389     3.7105
   58.0000     3.6189     3.5389     3.7105
   58.2500     3.6189     3.5389     3.7105
   58.5000     3.6189     3.5389     3.7105
   58.7500     3.6189     3.5389     3.7105
   59.0000     3.6189     3.5389     3.7105
   59.2500     3.6407     3.5391     4.0943
   59.5000     4.0243     3.5544     4.3604
   59.7500     4.0418     3.6134     4.3604
   60.0000     4.0789     3.7488     4.3604
