# depth_km vs_median_km_s vs_p16 vs_p84
    0.0000     1.8087     1.8034     1.8153
    0.2500     1.8087     1.8034     1.8153
    0.5000     1.8087     1.8034     1.8153
    0.7500     1.8087     1.8034     1.8153
    1.0000     1.8087     1.8034     1.8153
    1.2500     1.8087     1.8034     1.8153
    1.5000     1.8087     1.8034     1.8153
    1.7500     3.5635     3.5054     3.6152
    2.0000     3.5656     3.5087     3.6173
    2.2500     3.5656     3.5087     3.6173
    2.5000     3.5656     3.5087     3.6173
    2.7500     3.5656     3.5087     3.6173
    3.0000     3.5656     3.5087     3.6173
    3.2500     3.5656     3.5087     3.6173
    3.5000     3.5656     3.5087     3.6173
    3.7500     3.5656     3.5087     3.6173
    4.0000     3.5656     3.5087     3.6173
    4.2500     3.5656     3.5087     3.6173
    4.5000     3.5656     3.5087     3.6173
    4.7500     3.5656     3.5087     3.6173
    5.0000     3.5656     3.5087     3.6173
    5.2500     3.5656     3.5087     3.6173
    5.5000     3.5656     3.5087     3.6173
    5.7500     2.7764     2.6042     3.5414
    6.0000     2.7457     2.6042     2.9037
    6.2500     2.7457     2.6042     2.9037
    6.5000     2.7457     2.6042     2.9037
    6.7500     2.7457     2.6042     2.9037
    7.0000     2.7457     2.6042     2.9037
    7.2500     2.7457     2.6042     2.9037
    7.5000     2.7457     2.6042     2.9037
    7.7500     2.7457     2.6042     2.9037
    8.0000     2.7457     2.6042     2.9037
    8.2500     2.7457     2.6042     2.9037
    8.5000     2.7457     2.6042     2.9037
    8.7500     2.7457     2.6042     2.9037
    9.0000     2.7457     2.6042     2.9037
    9.2500     2.7457     2.6042     2.9037
    9.5000     2.7457     2.6042     2.9037
    9.7500     2.7457     2.6042     2.9037
   10.0000     2.7457     2.6042     2.9037
   10.2500     2.7457     2.6042     2.9037
   10.5000     2.7457     2.6042     2.9037
   10.7500     2.7457     2.6042     2.9037
   11.0000     2.7457     2.6042     2.9037
   11.2500     2.7457     2.6042     2.9037
   11.5000     2.7457     2.6042     2.9099
   11.7500     2.8785     2.7128     3.1148
   12.0000     2.8927     2.7483     3.1148
   12.2500     2.8927     2.7483     3.1148
   12.5000     2.8927     2.7483     3.1148
   12.7500     2.8927     2.7483     3.1148
   13.0000     2.8927     2.7483     3.1148
   13.2500     2.8927     2.7483     3.1148
   13.5000     2.8927     2.7483     3.1148
   13.7500     2.8927     2.7483     3.1148
   14.0000     2.8927     2.7483     3.1148
   14.2500     2.8927     2.7483     3.1148
   14.5000     2.8927     2.7483     3.1148
   14.7500     2.8927     2.7483     3.1148
   15.0000     2.8927     2.7483     3.1148
   15.2500     2.8927     2.7483     3.1148
   15.5000     2.8927     2.7483     3.1148
   15.7500     2.8927     2.7483     3.1148
   16.0000     2.8927     2.7483     3.1148
   16.2500     2.8927     2.7483     3.1148
   16.5000     2.8927     2.7483     3.1148
   16.7500     2.8927     2.7483     3.1148
   17.0000     2.8927     2.7483     3.1148
   17.2500     2.8927     2.7483     3.1148
   17.5000     2.8927     2.7483     3.1148
   17.7500     2.8927     2.7483     3.1148
   18.0000     2.8927     2.7483     3.1148
   18.2500     2.8927     2.7483     3.1148
   18.5000     2.8927     2.7483     3.1148
   18.7500     2.8927     2.7483     3.1148
   19.0000     2.8927     2.7483     3.1148
   19.2500     2.8927     2.7483     3.1148
   19.5000     3.0123     2.7483     3.2925
   19.7500     3.1790     2.7483     3.2925
   20.0000     3.1824     3.0005     3.2925
   20.2500     3.1824     3.0357     3.2925
   20.5000     3.1824     3.0357     3.2925
   20.7500     3.1824     3.0357     3.2925
   21.0000     3.1824     3.0357     3.2925
   21.2500     3.1824     3.0357     3.2925
   21.5000     3.1824     3.0357     3.2925
   21.7500     3.1824     3.0357     3.2925
   22.0000     3.1824     3.0357     3.2925
   22.2500     3.1824     3.0357     3.2925
   22.5000     3.1824     3.0357     3.2925
   22.7500     3.1824     3.0357     3.2925
   23.0000     3.1824     3.0357     3.2925
   23.2500     3.1824     3.0357     3.2925
   23.5000     3.1824     3.0357     3.2925
   23.7500     3.1824     3.0357     3.2925
   24.0000     3.1824     3.0357     3.2925
   24.2500     3.1824     3.0357     3.2925
   24.5000     3.1824     3.0357     3.2925
   24.7500     3.1824     3.0357     3.2925
   25.0000     3.1824     3.0357     3.2925
   25.2500     3.1824     3.0357     3.2925
   25.5000     3.1824     3.0357     3.2925
   25.7500     3.1824     3.0357     3.2925
   26.0000     3.1824     3.0357     3.2925
   26.2500     3.1824     3.0357     3.2925
   26.5000     3.1824     3.0357     3.2925
   26.7500     3.1824     3.0357     3.2925
   27.0000     3.1824     3.0357     3.2925
   27.2500     3.1824     3.0357     3.2925
   27.5000     3.1824     3.0357     3.2925
   27.7500     3.1824     3.0357     3.2925
   28.0000     3.1824     3.0357     3.2925
   28.2500     3.1824     3.0357     3.2925
   28.5000     3.1824     3.0357     3.2925
   28.7500     3.1824     3.0357     3.2925
   29.0000     3.1824     3.0357     3.2925
   29.2500     3.1824     3.0357     3.3171
   29.5000     3.1879     3.0357     3.8160
   29.7500     3.6804     3.0357     3.8160
   30.0000     3.7075     3.4216     3.8160
   30.2500     3.7101     3.4588     3.8160
   30.5000     3.7101     3.4588     3.8160
   30.7500     3.7101     3.4588     3.8160
   31.0000     3.7101     3.4588     3.8160
   31.2500     3.7101     3.4588     3.8160
   31.5000     3.7101     3.4588     3.8160
   31.7500     3.7101     3.4588     3.8160
   32.0000     3.7101     3.4588     3.8160
   32.2500     3.7101     3.4588     3.8160
   32.5000     3.7101     3.4588     3.8160
   32.7500     3.7101     3.4588     3.8160
   33.0000     3.7101     3.4588     3.8160
   33.2500     3.7101     3.4588     3.8160
   33.5000     3.7101     3.4588     3.8160
   33.7500     3.7101     3.4588     3.8160
   34.0000     3.7101     3.4588     3.8160
   34.2500     3.7101     3.4588     3.8160
   34.5000     3.7101     3.4588     3.8160
   34.7500     3.7101     3.4588     3.8160
   35.0000     3.7101     3.4588     3.8160
   35.2500     3.7101     3.4588     3.8160
   35.5000     3.7101     3.4588     3.8160
   35.7500     3.7101     3.4588     3.8160
   36.0000     3.7101     3.4588     3.8160
   36.2500     3.7101     3.4588     3.8160
   36.5000     3.7101     3.4588     3.8160
   36.7500     3.7101     3.4588     3.8160
   37.0000     3.7101     3.4588     3.8160
   37.2500     3.7101     3.4588     3.8160
   37.5000     3.7101     3.4588     3.8160
   37.7500     3.7101     3.4588     3.8160
   38.0000     3.7101     3.4588     3.8160
   38.2500     3.7101     3.4588     3.8160
   38.5000     3.7101     3.4588     3.8160
   38.7500     3.7101     3.4588     3.8160
   39.0000     3.7101     3.4588     3.8160
   39.2500     3.7101     3.4588     3.8160
   39.5000     3.7101     3.4588     3.8160
   39.7500     3.7101     3.4588     3.8160
   40.0000     3.7101     3.4588     3.8160
   40.2500     3.7101     3.4588     3.8160
   40.5000     3.7101     3.4588     3.8160
   40.7500     3.7101     3.4588     3.8160
   41.0000     3.7101     3.4588     3.8160
   41.2500     3.7101     3.4588     3.8160
   41.5000     3.7101     3.4588     3.8160
   41.7500     3.7101     3.4588     3.8160
   42.0000     3.7101     3.4588     3.8160
   42.2500     3.7101     3.4588     3.8160
   42.5000     3.7101     3.4588     3.8160
   42.7500     3.7101     3.4588     3.8160
   43.0000     3.7101     3.4588     3.8160
   43.2500     3.7101     3.4588     3.8160
   43.5000     3.7101     3.4588     3.8160
   43.7500     3.7101     3.4588     3.8160
   44.0000     3.7101     3.4588     3.8160
   44.2500     3.7101     3.4588     3.8160
   44.5000     3.7101     3.4588     3.8160
   44.7500     3.7101     3.4588     3.8160
   45.0000     3.7101     3.4588     3.8160
   45.2500     3.7101     3.4588     3.8160
   45.5000     3.7101     3.4588     3.8160
   45.7500     3.7101     3.4588     3.8160
   46.0000     3.7101     3.4588     3.8160
   46.2500     3.7101     3.4588     3.8160
   46.5000     3.7101     3.4588     3.8160
   46.7500     3.7101     3.4588     3.8160
   47.0000     3.7101     3.4588     3.8160
   47.2500     3.7101     3.4588     3.8160
   47.5000     3.7101     3.4588     3.8160
   47.7500     3.7101     3.4588     3.8160
   48.0000     3.7101     3.4588     3.8160
   48.2500     3.7101     3.4588     3.8160
   48.5000     3.7101     3.4588     3.8160
   48.7500     3.7101     3.4588     3.8160
   49.0000     3.7101     3.4588     3.8160
   49.2500     3.7101     3.4588     3.8160
   49.5000     3.7101     3.4588     3.8160
   49.7500     3.7101     3.4588     3.8160
   50.0000     3.7101     3.4588     3.8160
   50.2500     3.7101     3.4588     3.8160
   50.5000     3.7101     3.4588     3.8160
   50.7500     3.7101     3.4588     3.8160
   51.0000     3.7101     3.4588     3.8160
   51.2500     3.7101     3.4588     3.8160
   51.5000     3.7101     3.4588     3.8160
   51.7500     3.7101     3.4588     3.8160
   52.0000     3.7101     3.4588     3.8160
   52.2500     3.7101     3.4588     3.8160
   52.5000     3.7101     3.4588     3.8160
   52.7500     3.7101     3.4588     3.8160
   53.0000     3.7101     3.4588     3.8160
   53.2500     3.7101     3.4588     3.8160
   53.5000     3.7101     3.4588     3.8160
   53.7500     3.7101     3.4588     3.8160
   54.0000     3.7101     3.4588     3.8160
   54.2500     3.7101     3.4588     3.8160
   54.5000     3.7101     3.4588     3.8160
   54.7500     3.7101     3.4588     3.8160
   55.0000     3.7101     3.4588     3.8160
   55.2500     3.7101     3.4588     3.8160
   55.5000     3.7101     3.4588     3.8160
   55.7500     3.7101     3.4588     3.8160
   56.0000     3.7101     3.4588     3.8160
   56.2500     3.7101     3.4588     3.8160
   56.5000     3.7101     3.4588     3.8160
   56.7500     3.7101     3.4588     3.8160
   57.0000     3.7101     3.4588     3.8160
   57.2500     3.7101     3.4588     3.8160
   57.5000     3.7101     3.4588     3.8160
   57.7500     3.7101     3.4588     3.8160
   58.0000     3.7101     3.4588     3.8160
   58.2500     3.7101     3.4588     3.8160
   58.5000     3.7101     3.4588     3.8160
   58.7500     3.7101     3.4588     3.8160
   59.0000     3.7101     3.4588     3.8160
   59.2500     3.7499     3.4588     3.9918
   59.5000     3.7905     3.4588     4.2954
   59.7500     3.9849     3.6963     4.2954
   60.0000     3.9978     3.7268     4.2954
