# depth_km vs_median_km_s vs_p16 vs_p84
    0.0000     2.1481     2.1429     2.1527
    0.2500     2.1481     2.1429     2.1527
    0.5000     2.1481     2.1429     2.1527
    0.7500     2.1481     2.1429     2.1527
    1.0000     2.1481     2.1429     2.1527
    1.2500     2.1481     2.1429     2.1527
    1.5000     2.1481     2.1429     2.1527
    1.7500     2.1481     2.1429     2.1527
    2.0000     1.9105     1.9081     1.9129
    2.2500     1.9105     1.9081     1.9129
    2.5000     1.9105     1.9081     1.9129
    2.7500     1.9105     1.9081     1.9129
    3.0000     1.9105     1.9081     1.9129
    3.2500     1.9105     1.9081     1.9129
    3.5000     1.9105     1.9081     1.9129
    3.7500     1.9105     1.9081     1.9129
    4.0000     1.9105     1.9081     1.9129
    4.2500     1.9105     1.9081     1.9129
    4.5000     1.9105     1.9081     1.9129
    4.7500     1.9105     1.9081     1.9129
    5.0000     1.9105     1.9081     1.9129
    5.2500     1.9105     1.9081     1.9129
    5.5000     1.9105     1.9081     1.9129
    5.7500     1.9125     1.9093     2.5044
    6.0000     2.3498     2.2754     2.5044
    6.2500     2.3653     2.3086     2.5044
    6.5000     2.3653     2.3086     2.5044
    6.7500     2.3653     2.3086     2.5044
    7.0000     2.3653     2.3086     2.5044
    7.2500     2.3653     2.3086     2.5044
    7.5000     2.3653     2.3086     2.5044
    7.7500     2.3653     2.3086     2.5044
    8.0000     2.3653     2.3086     2.5044
    8.2500     2.3653     2.3086     2.5044
    8.5000     2.3653     2.3086     2.5044
    8.7500     2.3653     2.3086     2.5044
    9.0000     2.3653     2.3086     2.5044
    9.2500     2.3653     2.3086     2.5044
    9.5000     2.3653     2.3086     2.5044
    9.7500     2.3653     2.3086     2.5044
   10.0000     2.3653     2.3086     2.5044
   10.2500     2.3653     2.3086     2.5044
   10.5000     2.3653     2.3086     2.5044
   10.7500     2.3653     2.3086     2.5044
   11.0000     2.3653     2.3086     2.5044
   11.2500     2.3653     2.3086     2.5044
   11.5000     2.3653     2.3086     2.5044
   11.7500     2.4698     2.3086     2.8195
   12.0000     2.7776     2.7320     2.8205
   12.2500     2.7785     2.7337     2.8205
   12.5000     2.7785     2.7337     2.8205
   12.7500     2.7785     2.7337     2.8205
   13.0000     2.7785     2.7337     2.8205
   13.2500     2.7785     2.7337     2.8205
   13.5000     2.7785     2.7337     2.8205
   13.7500     2.7785     2.7337     2.8205
   14.0000     2.7785     2.7337     2.8205
   14.2500     2.7785     2.7337     2.8205
   14.5000     2.7785     2.7337     2.8205
   14.7500     2.7785     2.7337     2.8205
   15.0000     2.7785     2.7337     2.8205
   15.2500     2.7785     2.7337     2.8205
   15.5000     2.7785     2.7337     2.8205
   15.7500     2.7785     2.7337     2.8205
   16.0000     2.7785     2.7337     2.8205
   16.2500     2.7785     2.7337     2.8205
   16.5000     2.7785     2.7337     2.8205
   16.7500     2.7785     2.7337     2.8205
   17.0000     2.7785     2.7337     2.8205
   17.2500     2.7785     2.7337     2.8205
   17.5000     2.7785     2.7337     2.8205
   17.7500     2.7785     2.7337     2.8205
   18.0000     2.7785     2.7337     2.8205
   18.2500     2.7785     2.7337     2.8205
   18.5000     2.7785     2.7337     2.8205
   18.7500     2.7785     2.7337     2.8205
   19.0000     2.7785     2.7337     2.8205
   19.2500     2.7785     2.7337     2.8205
   19.5000     2.7785     2.7337     2.8205
   19.7500     2.8321     2.7615     3.2752
   20.0000     3.1885     3.0082     3.2850
   20.2500     3.2104     3.0766     3.2850
   20.5000     3.2104     3.0766     3.2850
   20.7500     3.2104     3.0766     3.2850
   21.0000     3.2104     3.0766     3.2850
   21.2500     3.2104     3.0766     3.2850
   21.5000     3.2104     3.0766     3.2850
   21.7500     3.2104     3.0766     3.2850
   22.0000     3.2104     3.0766     3.2850
   22.2500     3.2104     3.0766     3.2850
   22.5000     3.2104     3.0766     3.2850
   22.7500     3.2104     3.0766     3.2850
   23.0000     3.2104     3.0766     3.2850
   23.2500     3.2104     3.0766     3.2850
   23.5000     3.2104     3.0766     3.2850
   23.7500     3.2104     3.0766     3.2850
   24.0000     3.2104     3.0766     3.2850
   24.2500     3.2104     3.0766     3.2850
   24.5000     3.2104     3.0766     3.2850
   24.7500     3.2104     3.0766     3.2850
   25.0000     3.2104     3.0766     3.2850
   25.2500     3.2104     3.0766     3.2850
   25.5000     3.2104     3.0766     3.2850
   25.7500     3.2104     3.0766     3.2850
   26.0000     3.2104     3.0766     3.2850
   26.2500     3.2104     3.0766     3.2850
   26.5000     3.2104     3.0766     3.2850
   26.7500     3.2104     3.0766     3.2850
   27.0000     3.2104     3.0766     3.2850
   27.2500     3.2104     3.0766     3.2850
   27.5000     3.2104     3.0766     3.2850
   27.7500     3.2104     3.0766     3.2850
   28.0000     3.2104     3.0766     3.2850
   28.2500     3.2104     3.0766     3.2850
   28.5000     3.2104     3.0766     3.2850
   28.7500     3.2104     3.0766     3.2850
   29.0000     3.2104     3.0766     3.2850
   29.2500     3.2104     3.0766     3.2850
   29.5000     3.2170     3.0766     3.2934
   29.7500     3.3908     3.0766     3.6350
   30.0000     3.4646     3.2503     3.6496
   30.2500     3.4766     3.3724     3.6496
   30.5000     3.4766     3.3724     3.6496
   30.7500     3.4766     3.3724     3.6496
   31.0000     3.4766     3.3724     3.6496
   31.2500     3.4766     3.3724     3.6496
   31.5000     3.4766     3.3724     3.6496
   31.7500     3.4766     3.3724     3.6496
   32.0000     3.4766     3.3724     3.6496
   32.2500     3.4766     3.3724     3.6496
   32.5000     3.4766     3.3724     3.6496
   32.7500     3.4766     3.3724     3.6496
   33.0000     3.4766     3.3724     3.6496
   33.2500     3.4766     3.3724     3.6496
   33.5000     3.4766     3.3724     3.6496
   33.7500     3.4766     3.3724     3.6496
   34.0000     3.4766     3.3724     3.6496
   34.2500     3.4766     3.3724     3.6496
   34.5000     3.4766     3.3724     3.6496
   34.7500     3.4766     3.3724     3.6496
   35.0000     3.4766     3.3724     3.6496
   35.2500     3.4766     3.3724     3.6496
   35.5000     3.4766     3.3724     3.6496
   35.7500     3.4766     3.3724     3.6496
   36.0000     3.4766     3.3724     3.6496
   36.2500     3.4766     3.3724     3.6496
   36.5000     3.4766     3.3724     3.6496
   36.7500     3.4766     3.3724     3.6496
   37.0000     3.4766     3.3724     3.6496
   37.2500     3.4766     3.3724     3.6496
   37.5000     3.4766     3.3724     3.6496
   37.7500     3.4766     3.3724     3.6496
   38.0000     3.4766     3.3724     3.6496
   38.2500     3.4766     3.3724     3.6496
   38.5000     3.4766     3.3724     3.6496
   38.7500     3.4766     3.3724     3.6496
   39.0000     3.4766     3.3724     3.6496
   39.2500     3.4766     3.3724     3.6496
   39.5000     3.4766     3.3724     3.6496
   39.7500     3.4766     3.3724     3.6496
   40.0000     3.4766     3.3724     3.6496
   40.2500     3.4766     3.3724     3.6496
   40.5000     3.4766     3.3724     3.6496
   40.7500     3.4766     3.3724     3.6496
   41.0000     3.4766     3.3724     3.6496
   41.2500     3.4766     3.3724     3.6496
   41.5000     3.4766     3.3724     3.6496
   41.7500     3.4766     3.3724     3.6496
   42.0000     3.4766     3.3724     3.6496
   42.2500     3.4766     3.3724     3.6496
   42.5000     3.4766     3.3724     3.6496
   42.7500     3.4766     3.3724     3.6496
   43.0000     3.4766     3.3724     3.6496
   43.2500     3.4766     3.3724     3.6496
   43.5000     3.4766     3.3724     3.6496
   43.7500     3.4766     3.3724     3.6496
   44.0000     3.4766     3.3724     3.6496
   44.2500     3.4766     3.3724     3.6496
   44.5000     3.4766     3.3724     3.6496
   44.7500     3.4766     3.3724     3.6496
   45.0000     3.4766     3.3724     3.6496
   45.2500     3.4766     3.3724     3.6496
   45.5000     3.4766     3.3724     3.6496
   45.7500     3.4766     3.3724     3.6496
   46.0000     3.4766     3.3724     3.6496
   46.2500     3.4766     3.3724     3.6496
   46.5000     3.4766     3.3724     3.6496
   46.7500     3.4766     3.3724     3.6496
   47.0000     3.4766     3.3724     3.6496
   47.2500     3.4766     3.3724     3.6496
   47.5000     3.4766     3.3724     3.6496
   47.7500     3.4766     3.3724     3.6496
   48.0000     3.4766     3.3724     3.6496
   48.2500     3.4766     3.3724     3.6496
   48.5000     3.4766     3.3724     3.6496
   48.7500     3.4766     3.3724     3.6496
   49.0000     3.4766     3.3724     3.6496
   49.2500     3.4766     3.3724     3.6496
   49.5000     3.4766     3.3724     3.6496
   49.7500     3.4766     3.3724     3.6496
   50.0000     3.4766     3.3724     3.6496
   50.2500     3.4766     3.3724     3.6496
   50.5000     3.4766     3.3724     3.6496
   50.7500     3.4766     3.3724     3.6496
   51.0000     3.4766     3.3724     3.6496
   51.2500     3.4766     3.3724     3.6496
   51.5000     3.4766     3.3724     3.6496
   51.7500     3.4766     3.3724     3.6496
   52.0000     3.4766     3.3724     3.6496
   52.2500     3.4766     3.3724     3.6496
   52.5000     3.4766     3.3724     3.6496
   52.7500     3.4766     3.3724     3.6496
   53.0000     3.4766     3.3724     3.6496
   53.2500     3.4766     3.3724     3.6496
   53.5000     3.4766     3.3724     3.6496
   53.7500     3.4766     3.3724     3.6496
   54.0000     3.4766     3.3724     3.6496
   54.2500     3.4766     3.3724     3.6496
   54.5000     3.4766     3.3724     3.6496
   54.7500     3.4766     3.3724     3.6496
   55.0000     3.4766     3.3724     3.6496
   55.2500     3.4766     3.3724     3.6496
   55.5000     3.4766     3.3724     3.6496
   55.7500     3.4766     3.3724     3.6496
   56.0000     3.4766     3.3724     3.6496
   56.2500     3.4766     3.3724     3.6496
   56.5000     3.4766     3.3724     3.6496
   56.7500     3.4766     3.3724     3.6496
   57.0000     3.4766     3.3724     3.6496
   57.2500     3.4766     3.3724     3.6496
   57.5000     3.4766     3.3724     3.6496
   57.7500     3.4766     3.3724     3.6496
   58.0000     3.4766     3.3724     3.6496
   58.2500     3.4766     3.3724     3.6496
   58.5000     3.4766     3.3724     3.6496
   58.7500     3.4766     3.3724     3.6496
   59.0000     3.4766     3.3724     3.6872
   59.2500     3.4810     3.3750     3.7466
   59.5000     3.6467     3.4017     3.9225
   59.7500     3.6789     3.4563     3.9260
   60.0000     3.7059     3.4768     3.9260
