# depth_km vs_median_km_s vs_p16 vs_p84
    0.0000     1.8128     1.8056     1.8194
    0.2500     1.8128     1.8056     1.8194
    0.5000     1.8128     1.8056     1.8194
    0.7500     1.8128     1.8056     1.8194
    1.0000     1.8128     1.8056     1.8194
    1.2500     1.8128     1.8056     1.8194
    1.5000     1.8136     1.8070     1.8209
    1.7500     2.7187     2.6143     2.7589
    2.0000     2.7210     2.6172     2.7597
    2.2500     2.7210     2.6172     2.7597
    2.5000     2.7210     2.6172     2.7597
    2.7500     2.7210     2.6172     2.7597
    3.0000     2.7210     2.6172     2.7597
    3.2500     2.7210     2.6172     2.7597
    3.5000     2.7210     2.6172     2.7597
    3.7500     2.7210     2.6172     2.7597
    4.0000     2.7210     2.6172     2.7597
    4.2500     2.7210     2.6172     2.7597
    4.5000     2.7210     2.6172     2.7597
    4.7500     2.7210     2.6172     2.7597
    5.0000     2.7210     2.6172     2.7597
    5.2500     2.7210     2.6172     2.7597
    5.5000     2.7426     2.6271     2.8822
    5.7500     2.8517     2.7668     2.9227
    6.0000     2.8517     2.7825     2.9227
    6.2500     2.8517     2.7825     2.9227
    6.5000     2.8517     2.7825     2.9227
    6.7500     2.8517     2.7825     2.9227
    7.0000     2.8517     2.7825     2.9227
    7.2500     2.8517     2.7825     2.9227
    7.5000     2.8517     2.7825     2.9227
    7.7500     2.8517     2.7825     2.9227
    8.0000     2.8517     2.7825     2.9227
    8.2500     2.8517     2.7825     2.9227
    8.5000     2.8517     2.7825     2.9227
    8.7500     2.8517     2.7825     2.9227
    9.0000     2.8517     2.7825     2.9227
    9.2500     2.8517     2.7825     2.9227
    9.5000     2.8517     2.7825     2.9227
    9.7500     2.8517     2.7825     2.9227
   10.0000     2.8517     2.7825     2.9227
   10.2500     2.8517     2.7825     2.9227
   10.5000     2.8517     2.7825     2.9227
   10.7500     2.8517     2.7825     2.9227
   11.0000     2.8517     2.7825     2.9227
   11.2500     2.8517     2.7825     2.9258
   11.5000     2.8677     2.7848     3.1689
   11.7500     3.0614     2.9008     3.1777
   12.0000     3.0614     2.9080     3.1777
   12.2500     3.0614     2.9080     3.1777
   12.5000     3.0614     2.9080     3.1777
   12.7500     3.0614     2.9080     3.1777
   13.0000     3.0614     2.9080     3.1777
   13.2500     3.0614     2.9080     3.1777
   13.5000     3.0614     2.9080     3.1777
   13.7500     3.0614     2.9080     3.1777
   14.0000     3.0614     2.9080     3.1777
   14.2500     3.0614     2.9080     3.1777
   14.5000     3.0614     2.9080     3.1777
   14.7500     3.0614     2.9080     3.1777
   15.0000     3.0614     2.9080     3.1777
   15.2500     3.0614     2.9080     3.1777
   15.5000     3.0614     2.9080     3.1777
   15.7500     3.0614     2.9080     3.1777
   16.0000     3.0614     2.9080     3.1777
   16.2500     3.0614     2.9080     3.1777
   16.5000     3.0614     2.9080     3.1777
   16.7500     3.0614     2.9080     3.1777
   17.0000     3.0614     2.9080     3.1777
   17.2500     3.0614     2.9080     3.1777
   17.5000     3.0614     2.9080     3.1777
   17.7500     3.0614     2.9080     3.1777
   18.0000     3.0614     2.9080     3.1777
   18.2500     3.0614     2.9080     3.1777
   18.5000     3.0614     2.9080     3.1777
   18.7500     3.0614     2.9080     3.1777
   19.0000     3.0614     2.9080     3.1807
   19.2500     3.0614     2.9080     3.1982
   19.5000     3.0713     2.9080     3.2261
   19.7500     3.1299     2.9080     3.2938
   20.0000     3.1577     2.9297     3.3038
   20.2500     3.1577     3.0397     3.3038
   20.5000     3.1577     3.0397     3.3038
   20.7500     3.1577     3.0397     3.3038
   21.0000     3.1577     3.0397     3.3038
   21.2500     3.1577     3.0397     3.3038
   21.5000     3.1577     3.0397     3.3038
   21.7500     3.1577     3.0397     3.3038
   22.0000     3.1577     3.0397     3.3038
   22.2500     3.1577     3.0397     3.3038
   22.5000     3.1577     3.0397     3.3038
   22.7500     3.1577     3.0397     3.3038
   23.0000     3.1577     3.0397     3.3038
   23.2500     3.1577     3.0397     3.3038
   23.5000     3.1577     3.0397     3.3038
   23.7500     3.1577     3.0397     3.3038
   24.0000     3.1577     3.0397     3.3038
   24.2500     3.1577     3.0397     3.3038
   24.5000     3.1577     3.0397     3.3038
   24.7500     3.1577     3.0397     3.3038
   25.0000     3.1577     3.0397     3.3038
   25.2500     3.1577     3.0397     3.3038
   25.5000     3.1577     3.0397     3.3038
   25.7500     3.1577     3.0397     3.3038
   26.0000     3.1577     3.0397     3.3038
   26.2500     3.1577     3.0397     3.3038
   26.5000     3.1577     3.0397     3.3038
   26.7500     3.1577     3.0397     3.3038
   27.0000     3.1577     3.0397     3.3038
   27.2500     3.1577     3.0397     3.3038
   27.5000     3.1577     3.0397     3.3038
   27.7500     3.1577     3.0397     3.3038
   28.0000     3.1577     3.0397     3.3038
   28.2500     3.1577     3.0397     3.3038
   28.5000     3.1577     3.0397     3.3038
   28.7500     3.1577     3.0397     3.3038
   29.0000     3.1577     3.0397     3.3038
   29.2500     3.1696     3.0397     3.3066
   29.5000     3.1696     3.0397     3.3458
   29.7500     3.1696     3.0397     3.3857
   30.0000     3.1851     3.0397     3.4169
   30.2500     3.2561     3.0505     3.4169
   30.5000     3.2634     3.1299     3.4169
   30.7500     3.2648     3.1317     3.4169
   31.0000     3.2648     3.1317     3.4169
   31.2500     3.2648     3.1317     3.4169
   31.5000     3.2648     3.1317     3.4169
   31.7500     3.2648     3.1317     3.4169
   32.0000     3.2648     3.1317     3.4169
   32.2500     3.2648     3.1317     3.4169
   32.5000     3.2648     3.1317     3.4169
   32.7500     3.2648     3.1317     3.4169
   33.0000     3.2648     3.1317     3.4169
   33.2500     3.2648     3.1317     3.4169
   33.5000     3.2648     3.1317     3.4169
   33.7500     3.2648     3.1317     3.4169
   34.0000     3.2648     3.1317     3.4169
   34.2500     3.2648     3.1317     3.4169
   34.5000     3.2648     3.1317     3.4169
   34.7500     3.2648     3.1317     3.4169
   35.0000     3.2648     3.1317     3.4169
   35.2500     3.2648     3.1317     3.4169
   35.5000     3.2648     3.1317     3.4169
   35.7500     3.2648     3.1317     3.4169
   36.0000     3.2648     3.1317     3.4169
   36.2500     3.2648     3.1317     3.4169
   36.5000     3.2648     3.1317     3.4169
   36.7500     3.2648     3.1317     3.4169
   37.0000     3.2648     3.1317     3.4169
   37.2500     3.2648     3.1317     3.4169
   37.5000     3.2648     3.1317     3.4169
   37.7500     3.2648     3.1317     3.4169
   38.0000     3.2648     3.1317     3.4169
   38.2500     3.2648     3.1317     3.4169
   38.5000     3.2648     3.1317     3.4169
   38.7500     3.2648     3.1317     3.4169
   39.0000     3.2648     3.1317     3.4169
   39.2500     3.2648     3.1317     3.4169
   39.5000     3.2648     3.1317     3.4169
   39.7500     3.2648     3.1317     3.4169
   40.0000     3.2648     3.1317     3.4169
   40.2500     3.2648     3.1317     3.4169
   40.5000     3.2648     3.1317     3.4169
   40.7500     3.2648     3.1317     3.4169
   41.0000     3.2648     3.1317     3.4169
   41.2500     3.2648     3.1317     3.4169
   41.5000     3.2648     3.1317     3.4169
   41.7500     3.2648     3.1317     3.4169
   42.0000     3.2648     3.1317     3.4169
   42.2500     3.2648     3.1317     3.4169
   42.5000     3.2648     3.1317     3.4169
   42.7500     3.2648     3.1317     3.4169
   43.0000     3.2648     3.1317     3.4169
   43.2500     3.2648     3.1317     3.4169
   43.5000     3.2648     3.1317     3.4169
   43.7500     3.2648     3.1317     3.4169
   44.0000     3.2648     3.1317     3.4169
   44.2500     3.2648     3.1317     3.4169
   44.5000     3.2648     3.1317     3.4169
   44.7500     3.2648     3.1317     3.4169
   45.0000     3.2648     3.1317     3.4169
   45.2500     3.2648     3.1317     3.4169
   45.5000     3.2648     3.1317     3.4169
   45.7500     3.2648     3.1317     3.4169
   46.0000     3.2648     3.1317     3.4169
   46.2500     3.2648     3.1317     3.4169
   46.5000     3.2648     3.1317     3.4169
   46.7500     3.2648     3.1317     3.4169
   47.0000     3.2648     3.1317     3.4169
   47.2500     3.2648     3.1317     3.4169
   47.5000     3.2648     3.1317     3.4169
   47.7500     3.2648     3.1317     3.4169
   48.0000     3.2648     3.1317     3.4169
   48.2500     3.2648     3.1317     3.4169
   48.5000     3.2648     3.1317     3.4169
   48.7500     3.2648     3.1317     3.4169
   49.0000     3.2648     3.1317     3.4169
   49.2500     3.2648     3.1317     3.4169
   49.5000     3.2648     3.1317     3.4169
   49.7500     3.2648     3.1317     3.4169
   50.0000     3.2648     3.1317     3.4169
   50.2500     3.2648     3.1317     3.4169
   50.5000     3.2648     3.1317     3.4169
   50.7500     3.2648     3.1317     3.4169
   51.0000     3.2648     3.1317     3.4169
   51.2500     3.2648     3.1317     3.4169
   51.5000     3.2648     3.1317     3.4169
   51.7500     3.2648     3.1317     3.4169
   52.0000     3.2648     3.1317     3.4169
   52.2500     3.2648     3.1317     3.4169
   52.5000     3.2648     3.1317     3.4169
   52.7500     3.2648     3.1317     3.4169
   53.0000     3.2648     3.1317     3.4169
   53.2500     3.2648     3.1317     3.4169
   53.5000     3.2648     3.1317     3.4169
   53.7500     3.2648     3.1317     3.4169
   54.0000     3.2648     3.1317     3.4169
   54.2500     3.2648     3.1317     3.4169
   54.5000     3.2648     3.1317     3.4169
   54.7500     3.2648     3.1317     3.4169
   55.0000     3.2648     3.1317     3.4169
   55.2500     3.2648     3.1317     3.4169
   55.5000     3.2648     3.1317     3.4169
   55.7500     3.2648     3.1317     3.4169
   56.0000     3.2648     3.1317     3.4169
   56.2500     3.2648     3.1317     3.4169
   56.5000     3.2648     3.1317     3.4169
   56.7500     3.2648     3.1317     3.4169
   57.0000     3.2648     3.1317     3.4169
   57.2500     3.2648     3.1317     3.4169
   57.5000     3.2648     3.1317     3.4169
   57.7500     3.2648     3.1317     3.4169
   58.0000     3.2648     3.1317     3.4169
   58.2500     3.2648     3.1317     3.4169
   58.5000     3.2648     3.1317     3.4221
   58.7500     3.2648     3.1317     3.4377
   59.0000     3.3201     3.1338     3.5684
   59.2500     3.4015     3.1640     3.6447
   59.5000     3.4463     3.2660     3.6452
   59.7500     3.4546     3.3284     3.6473
   60.0000     3.4908     3.3540     3.6838
