# depth_km vs_median_km_s vs_p16 vs_p84
    0.0000     1.8669     1.8633     1.8700
    0.2500     1.8669     1.8633     1.8700
    0.5000     1.8669     1.8633     1.8700
    0.7500     1.8669     1.8633     1.8700
    1.0000     1.8669     1.8633     1.8700
    1.2500     1.8669     1.8633     1.8700
    1.5000     1.8669     1.8633     1.8700
    1.7500     1.8669     1.8633     1.8700
    2.0000     1.8694     1.8659     2.3868
    2.2500     2.4153     2.3903     2.4339
    2.5000     2.4153     2.3903     2.4339
    2.7500     2.4153     2.3903     2.4339
    3.0000     2.4153     2.3903     2.4339
    3.2500     2.4153     2.3903     2.4339
    3.5000     2.4153     2.3903     2.4339
    3.7500     2.4153     2.3903     2.4339
    4.0000     2.4153     2.3903     2.4339
    4.2500     2.4153     2.3903     2.4339
    4.5000     2.4153     2.3903     2.4339
    4.7500     2.4153     2.3903     2.4339
    5.0000     2.4153     2.3903     2.4339
    5.2500     2.4153     2.3903     2.4339
    5.5000     2.4153     2.3903     2.4339
    5.7500     2.4153     2.3903     2.4339
    6.0000     2.4449     2.4174     2.5571
    6.2500     2.5572     2.5338     2.5789
    6.5000     2.5572     2.5338     2.5789
    6.7500     2.5572     2.5338     2.5789
    7.0000     2.5572     2.5338     2.5789
    7.2500     2.5572     2.5338     2.5789
    7.5000     2.5572     2.5338     2.5789
    7.7500     2.5572     2.5338     2.5789
    8.0000     2.5572     2.5338     2.5789
    8.2500     2.5572     2.5338     2.5789
    8.5000     2.5572     2.5338     2.5789
    8.7500     2.5572     2.5338     2.5789
    9.0000     2.5572     2.5338     2.5789
    9.2500     2.5572     2.5338     2.5789
    9.5000     2.5572     2.5338     2.5789
    9.7500     2.5572     2.5338     2.5789
   10.0000     2.5572     2.5338     2.5789
   10.2500     2.5572     2.5338     2.5789
   10.5000     2.5572     2.5338     2.5789
   10.7500     2.5572     2.5338     2.5789
   11.0000     2.5572     2.5338     2.5789
   11.2500     2.5572     2.5338     2.5789
   11.5000     2.5572     2.5338     2.5789
   11.7500     2.5572     2.5338     2.5789
   12.0000     2.5678     2.5486     2.8599
   12.2500     2.9427     2.8772     3.0303
   12.5000     2.9427     2.8772     3.0303
   12.7500     2.9427     2.8772     3.0303
   13.0000     2.9427     2.8772     3.0303
   13.2500     2.9427     2.8772     3.0303
   13.5000     2.9427     2.8772     3.0303
   13.7500     2.9427     2.8772     3.0303
   14.0000     2.9427     2.8772     3.0303
   14.2500     2.9427     2.8772     3.0303
   14.5000     2.9427     2.8772     3.0303
   14.7500     2.9427     2.8772     3.0303
   15.0000     2.9427     2.8772     3.0303
   15.2500     2.9427     2.8772     3.0303
   15.5000     2.9427     2.8772     3.0303
   15.7500     2.9427     2.8772     3.0303
   16.0000     2.9427     2.8772     3.0303
   16.2500     2.9427     2.8772     3.0303
   16.5000     2.9427     2.8772     3.0303
   16.7500     2.9427     2.8772     3.0303
   17.0000     2.9427     2.8772     3.0303
   17.2500     2.9427     2.8772     3.0303
   17.5000     2.9427     2.8772     3.0303
   17.7500     2.9427     2.8772     3.0303
   18.0000     2.9427     2.8772     3.0303
   18.2500     2.9427     2.8772     3.0303
   18.5000     2.9427     2.8772     3.0303
   18.7500     2.9427     2.8772     3.0303
   19.0000     2.9427     2.8772     3.0303
   19.2500     2.9427     2.8772     3.0303
   19.5000     2.9427     2.8772     3.0303
   19.7500     2.9427     2.8772     3.0303
   20.0000     2.9506     2.8772     3.0411
   20.2500     2.9697     2.8837     3.0492
   20.5000     3.0226     2.9103     3.0855
   20.7500     3.0226     2.9103     3.0855
   21.0000     3.0226     2.9103     3.0855
   21.2500     3.0226     2.9103     3.0855
   21.5000     3.0226     2.9103     3.0855
   21.7500     3.0226     2.9103     3.0855
   22.0000     3.0226     2.9103     3.0855
   22.2500     3.0226     2.9103     3.0855
   22.5000     3.0226     2.9103     3.0855
   22.7500     3.0226     2.9103     3.0855
   23.0000     3.0226     2.9103     3.0855
   23.2500     3.0226     2.9103     3.0855
   23.5000     3.0226     2.9103     3.0855
   23.7500     3.0226     2.9103     3.0855
   24.0000     3.0226     2.9103     3.0855
   24.2500     3.0226     2.9103     3.0855
   24.5000     3.0226     2.9103     3.0855
   24.7500     3.0226     2.9103     3.0855
   25.0000     3.0226     2.9103     3.0855
   25.2500     3.0226     2.9103     3.0855
   25.5000     3.0226     2.9103     3.0855
   25.7500     3.0226     2.9103     3.0855
   26.0000     3.0226     2.9103     3.0855
   26.2500     3.0226     2.9103     3.0855
   26.5000     3.0226     2.9103     3.0855
   26.7500     3.0226     2.9103     3.0855
   27.0000     3.0226     2.9103     3.0855
   27.2500     3.0226     2.9103     3.0855
   27.5000     3.0226     2.9103     3.0855
   27.7500     3.0226     2.9103     3.0855
   28.0000     3.0226     2.9103     3.0855
   28.2500     3.0226     2.9103     3.0855
   28.5000     3.0226     2.9103     3.0855
   28.7500     3.0226     2.9103     3.0855
   29.0000     3.0226     2.9103     3.0855
   29.2500     3.0226     2.9103     3.0855
   29.5000     3.0267     2.9103     3.0855
   29.7500     3.0394     2.9103     3.1105
   30.0000     3.0631     2.9103     3.1287
   30.2500     3.0818     2.9103     3.2279
   30.5000     3.1263     2.9541     3.2389
   30.7500     3.1281     2.9837     3.2398
   31.0000     3.1281     2.9837     3.2398
   31.2500     3.1281     2.9837     3.2398
   31.5000     3.1281     2.9837     3.2398
   31.7500     3.1281     2.9837     3.2398
   32.0000     3.1281     2.9837     3.2398
   32.2500     3.1281     2.9837     3.2398
   32.5000     3.1281     2.9837     3.2398
   32.7500     3.1281     2.9837     3.2398
   33.0000     3.1281     2.9837     3.2398
   33.2500     3.1281     2.9837     3.2398
   33.5000     3.1281     2.9837     3.2398
   33.7500     3.1281     2.9837     3.2398
   34.0000     3.1281     2.9837     3.2398
   34.2500     3.1281     2.9837     3.2398
   34.5000     3.1281     2.9837     3.2398
   34.7500     3.1281     2.9837     3.2398
   35.0000     3.1281     2.9837     3.2398
   35.2500     3.1281     2.9837     3.2398
   35.5000     3.1281     2.9837     3.2398
   35.7500     3.1281     2.9837     3.2398
   36.0000     3.1281     2.9837     3.2398
   36.2500     3.1281     2.9837     3.2398
   36.5000     3.1281     2.9837     3.2398
   36.7500     3.1281     2.9837     3.2398
   37.0000     3.1281     2.9837     3.2398
   37.2500     3.1281     2.9837     3.2398
   37.5000     3.1281     2.9837     3.2398
   37.7500     3.1281     2.9837     3.2398
   38.0000     3.1281     2.9837     3.2398
   38.2500     3.1281     2.9837     3.2398
   38.5000     3.1281     2.9837     3.2398
   38.7500     3.1281     2.9837     3.2398
   39.0000     3.1281     2.9837     3.2398
   39.2500     3.1281     2.9837     3.2398
   39.5000     3.1281     2.9837     3.2398
   39.7500     3.1281     2.9837     3.2398
   40.0000     3.1281     2.9837     3.2398
   40.2500     3.1281     2.9837     3.2398
   40.5000     3.1281     2.9837     3.2398
   40.7500     3.1281     2.9837     3.2398
   41.0000     3.1281     2.9837     3.2398
   41.2500     3.1281     2.9837     3.2398
   41.5000     3.1281     2.9837     3.2398
   41.7500     3.1281     2.9837     3.2398
   42.0000     3.1281     2.9837     3.2398
   42.2500     3.1281     2.9837     3.2398
   42.5000     3.1281     2.9837     3.2398
   42.7500     3.1281     2.9837     3.2398
   43.0000     3.1281     2.9837     3.2398
   43.2500     3.1281     2.9837     3.2398
   43.5000     3.1281     2.9837     3.2398
   43.7500     3.1281     2.9837     3.2398
   44.0000     3.1281     2.9837     3.2398
   44.2500     3.1281     2.9837     3.2398
   44.5000     3.1281     2.9837     3.2398
   44.7500     3.1281     2.9837     3.2398
   45.0000     3.1281     2.9837     3.2398
   45.2500     3.1281     2.9837     3.2398
   45.5000     3.1281     2.9837     3.2398
   45.7500     3.1281     2.9837     3.2398
   46.0000     3.1281     2.9837     3.2398
   46.2500     3.1281     2.9837     3.2398
   46.5000     3.1281     2.9837     3.2398
   46.7500     3.1281     2.9837     3.2398
   47.0000     3.1281     2.9837     3.2398
   47.2500     3.1281     2.9837     3.2398
   47.5000     3.1281     2.9837     3.2398
   47.7500     3.1281     2.9837     3.2398
   48.0000     3.1281     2.9837     3.2398
   48.2500     3.1281     2.9837     3.2398
   48.5000     3.1281     2.9837     3.2398
   48.7500     3.1281     2.9837     3.2398
   49.0000     3.1281     2.9837     3.2398
   49.2500     3.1281     2.9837     3.2398
   49.5000     3.1281     2.9837     3.2398
   49.7500     3.1281     2.9837     3.2398
   50.0000     3.1281     2.9837     3.2398
   50.2500     3.1281     2.9837     3.2398
   50.5000     3.1281     2.9837     3.2398
   50.7500     3.1281     2.9837     3.2398
   51.0000     3.1281     2.9837     3.2398
   51.2500     3.1281     2.9837     3.2398
   51.5000     3.1281     2.9837     3.2398
   51.7500     3.1281     2.9837     3.2398
   52.0000     3.1281     2.9837     3.2398
   52.2500     3.1281     2.9837     3.2398
   52.5000     3.1281     2.9837     3.2398
   52.7500     3.1281     2.9837     3.2398
   53.0000     3.1281     2.9837     3.2398
   53.2500     3.1281     2.9837     3.2398
   53.5000     3.1281     2.9837     3.2398
   53.7500     3.1281     2.9837     3.2398
   54.0000     3.1281     2.9837     3.2398
   54.2500     3.1281     2.9837     3.2398
   54.5000     3.1281     2.9837     3.2398
   54.7500     3.1281     2.9837     3.2398
   55.0000     3.1281     2.9837     3.2398
   55.2500     3.1281     2.9837     3.2398
   55.5000     3.1281     2.9837     3.2398
   55.7500     3.1281     2.9837     3.2398
   56.0000     3.1281     2.9837     3.2398
   56.2500     3.1281     2.9837     3.2398
   56.5000     3.1281     2.9837     3.2398
   56.7500     3.1281     2.9837     3.2398
   57.0000     3.1281     2.9837     3.2398
   57.2500     3.1281     2.9837     3.2398
   57.5000     3.1281     2.9837     3.2398
   57.7500     3.1281     2.9837     3.2398
   58.0000     3.1374     2.9837     3.2469
   58.2500     3.1608     2.9837     3.2667
   58.5000     3.1847     3.0679     3.2903
   58.7500     3.2247     3.0679     3.3225
   59.0000     3.2635     3.0863     3.3731
   59.2500     3.2786     3.1067     3.3921
   59.5000     3.2961     3.1278     3.4468
   59.7500     3.3088     3.1573     3.4586
   60.0000     3.3343     3.1573     3.4910
