# depth_km vs_median_km_s vs_p16 vs_p84
    0.0000     1.9153     1.9042     1.9283
    0.2500     1.9153     1.9042     1.9283
    0.5000     1.9153     1.9042     1.9283
    0.7500     1.9153     1.9042     1.9283
    1.0000     1.9153     1.9042     1.9283
    1.2500     1.9153     1.9042     1.9283
    1.5000     1.9182     1.9083     1.9366
    1.7500     2.7636     2.5634     2.8068
    2.0000     2.7738     2.6144     2.8102
    2.2500     2.7738     2.6144     2.8102
    2.5000     2.7738     2.6144     2.8102
    2.7500     2.7738     2.6144     2.8102
    3.0000     2.7738     2.6144     2.8102
    3.2500     2.7738     2.6144     2.8102
    3.5000     2.7738     2.6144     2.8102
    3.7500     2.7738     2.6144     2.8102
    4.0000     2.7738     2.6144     2.8102
    4.2500     2.7738     2.6144     2.8102
    4.5000     2.7738     2.6144     2.8102
    4.7500     2.7738     2.6144     2.8102
    5.0000     2.7738     2.6144     2.8102
    5.2500     2.7738     2.6144     2.8102
    5.5000     2.7052     2.6122     2.8009
    5.7500     2.6959     2.6050     2.7674
    6.0000     2.6959     2.5683     2.7569
    6.2500     2.6959     2.5683     2.7569
    6.5000     2.6959     2.5683     2.7569
    6.7500     2.6959     2.5683     2.7569
    7.0000     2.6959     2.5683     2.7569
    7.2500     2.6959     2.5683     2.7569
    7.5000     2.6959     2.5683     2.7569
    7.7500     2.6959     2.5683     2.7569
    8.0000     2.6959     2.5683     2.7569
    8.2500     2.6959     2.5683     2.7569
    8.5000     2.6959     2.5683     2.7569
    8.7500     2.6959     2.5683     2.7569
    9.0000     2.6959     2.5683     2.7569
    9.2500     2.6959     2.5683     2.7569
    9.5000     2.6959     2.5683     2.7569
    9.7500     2.6959     2.5683     2.7569
   10.0000     2.6959     2.5683     2.7569
   10.2500     2.6959     2.5683     2.7569
   10.5000     2.7171     2.5683     2.8166
   10.7500     2.7753     2.5683     3.1155
   11.0000     3.0746     2.5683     3.1276
   11.2500     3.0941     2.5683     3.1430
   11.5000     3.0987     2.5683     3.1482
   11.7500     3.1000     2.6723     3.1482
   12.0000     3.1000     2.7623     3.1482
   12.2500     3.1000     2.7623     3.1482
   12.5000     3.1000     2.7623     3.1482
   12.7500     3.1000     2.7623     3.1482
   13.0000     3.1000     2.7623     3.1482
   13.2500     3.1000     2.7623     3.1482
   13.5000     3.1000     2.7623     3.1482
   13.7500     3.1000     2.7623     3.1482
   14.0000     3.1000     2.7623     3.1482
   14.2500     3.1000     2.7623     3.1482
   14.5000     3.1000     2.7623     3.1482
   14.7500     3.1000     2.7623     3.1482
   15.0000     3.1000     2.7623     3.1482
   15.2500     3.1000     2.7623     3.1482
   15.5000     3.1000     2.7623     3.1482
   15.7500     3.1000     2.7623     3.1482
   16.0000     3.1000     2.7623     3.1482
   16.2500     3.1000     2.7623     3.1482
   16.5000     3.1000     2.7623     3.1482
   16.7500     3.1000     2.7623     3.1482
   17.0000     3.1000     2.7623     3.1482
   17.2500     3.1000     2.7623     3.1482
   17.5000     3.1000     2.7623     3.1482
   17.7500     3.1000     2.7623     3.1482
   18.0000     3.1000     2.7623     3.1482
   18.2500     3.1000     2.7623     3.1482
   18.5000     3.0977     2.7623     3.1482
   18.7500     3.0903     2.7623     3.1482
   19.0000     3.0814     2.7623     3.1437
   19.2500     3.0721     2.7623     3.1320
   19.5000     3.0624     2.7623     3.1290
   19.7500     3.0611     2.7623     3.1194
   20.0000     3.0611     2.7623     3.1193
   20.2500     3.0611     2.8260     3.1193
   20.5000     3.0611     2.8260     3.1193
   20.7500     3.0611     2.8260     3.1193
   21.0000     3.0611     2.8260     3.1193
   21.2500     3.0611     2.8260     3.1193
   21.5000     3.0611     2.8260     3.1193
   21.7500     3.0611     2.8260     3.1193
   22.0000     3.0611     2.8260     3.1193
   22.2500     3.0611     2.8260     3.1193
   22.5000     3.0611     2.8260     3.1193
   22.7500     3.0611     2.8260     3.1193
   23.0000     3.0611     2.8260     3.1193
   23.2500     3.0611     2.8260     3.1193
   23.5000     3.0611     2.8260     3.1193
   23.7500     3.0611     2.8260     3.1193
   24.0000     3.0611     2.8260     3.1193
   24.2500     3.0611     2.8260     3.1193
   24.5000     3.0611     2.8260     3.1193
   24.7500     3.0611     2.8260     3.1193
   25.0000     3.0611     2.8260     3.1193
   25.2500     3.0611     2.8260     3.1193
   25.5000     3.0611     2.8260     3.1193
   25.7500     3.0611     2.8260     3.1193
   26.0000     3.0611     2.8260     3.1193
   26.2500     3.0611     2.8260     3.1193
   26.5000     3.0611     2.8260     3.1193
   26.7500     3.0611     2.8260     3.1193
   27.0000     3.0611     2.8260     3.1193
   27.2500     3.0611     2.8260     3.1193
   27.5000     3.0611     2.8260     3.1193
   27.7500     3.0611     2.8260     3.1193
   28.0000     3.0611     2.8260     3.1193
   28.2500     3.0611     2.8260     3.1196
   28.5000     3.0610     2.8260     3.1291
   28.7500     3.0632     2.8260     3.1346
   29.0000     3.0619     2.8260     3.1348
   29.2500     3.0663     2.8260     3.1363
   29.5000     3.0766     2.8260     3.1442
   29.7500     3.0794     2.8260     3.1442
   30.0000     3.0841     2.8260     3.1442
   30.2500     3.0850     2.8260     3.1444
   30.5000     3.0850     2.8639     3.1444
   30.7500     3.0850     2.8639     3.1444
   31.0000     3.0850     2.8639     3.1444
   31.2500     3.0850     2.8639     3.1444
   31.5000     3.0850     2.8639     3.1444
   31.7500     3.0850     2.8639     3.1444
   32.0000     3.0850     2.8639     3.1444
   32.2500     3.0850     2.8639     3.1444
   32.5000     3.0850     2.8639     3.1444
   32.7500     3.0850     2.8639     3.1444
   33.0000     3.0850     2.8639     3.1444
   33.2500     3.0850     2.8639     3.1444
   33.5000     3.0850     2.8639     3.1444
   33.7500     3.0850     2.8639     3.1444
   34.0000     3.0850     2.8639     3.1444
   34.2500     3.0850     2.8639     3.1444
   34.5000     3.0850     2.8639     3.1444
   34.7500     3.0850     2.8639     3.1444
   35.0000     3.0850     2.8639     3.1444
   35.2500     3.0850     2.8639     3.1444
   35.5000     3.0850     2.8639     3.1444
   35.7500     3.0850     2.8639     3.1444
   36.0000     3.0850     2.8639     3.1444
   36.2500     3.0850     2.8639     3.1444
   36.5000     3.0850     2.8639     3.1444
   36.7500     3.0850     2.8639     3.1444
   37.0000     3.0850     2.8639     3.1444
   37.2500     3.0850     2.8639     3.1444
   37.5000     3.0850     2.8639     3.1444
   37.7500     3.0850     2.8639     3.1444
   38.0000     3.0850     2.8639     3.1444
   38.2500     3.0850     2.8639     3.1444
   38.5000     3.0850     2.8639     3.1444
   38.7500     3.0850     2.8639     3.1444
   39.0000     3.0850     2.8639     3.1444
   39.2500     3.0850     2.8639     3.1444
   39.5000     3.0850     2.8639     3.1444
   39.7500     3.0850     2.8639     3.1444
   40.0000     3.0850     2.8639     3.1444
   40.2500     3.0850     2.8639     3.1444
   40.5000     3.0850     2.8639     3.1444
   40.7500     3.0850     2.8639     3.1444
   41.0000     3.0850     2.8639     3.1444
   41.2500     3.0850     2.8639     3.1444
   41.5000     3.0850     2.8639     3.1444
   41.7500     3.0850     2.8639     3.1444
   42.0000     3.0850     2.8639     3.1444
   42.2500     3.0850     2.8639     3.1444
   42.5000     3.0850     2.8639     3.1444
   42.7500     3.0850     2.8639     3.1444
   43.0000     3.0850     2.8639     3.1444
   43.2500     3.0850     2.8639     3.1444
   43.5000     3.0850     2.8639     3.1444
   43.7500     3.0850     2.8639     3.1444
   44.0000     3.0850     2.8639     3.1444
   44.2500     3.0850     2.8639     3.1444
   44.5000     3.0850     2.8639     3.1444
   44.7500     3.0850     2.8639     3.1444
   45.0000     3.0850     2.8639     3.1444
   45.2500     3.0850     2.8639     3.1444
   45.5000     3.0850     2.8639     3.1444
   45.7500     3.0850     2.8639     3.1444
   46.0000     3.0850     2.8639     3.1444
   46.2500     3.0850     2.8639     3.1444
   46.5000     3.0850     2.8639     3.1444
   46.7500     3.0850     2.8639     3.1444
   47.0000     3.0850     2.8639     3.1444
   47.2500     3.0850     2.8639     3.1444
   47.5000     3.0850     2.8639     3.1444
   47.7500     3.0850     2.8639     3.1444
   48.0000     3.0850     2.8639     3.1444
   48.2500     3.0850     2.8639     3.1444
   48.5000     3.0850     2.8639     3.1444
   48.7500     3.0850     2.8639     3.1444
   49.0000     3.0850     2.8639     3.1444
   49.2500     3.0850     2.8639     3.1444
   49.5000     3.0850     2.8639     3.1444
   49.7500     3.0850     2.8639     3.1444
   50.0000     3.0850     2.8639     3.1444
   50.2500     3.0850     2.8639     3.1444
   50.5000     3.0850     2.8639     3.1444
   50.7500     3.0850     2.8639     3.1444
   51.0000     3.0850     2.8639     3.1444
   51.2500     3.0850     2.8639     3.1444
   51.5000     3.0850     2.8639     3.1444
   51.7500     3.0850     2.8639     3.1444
   52.0000     3.0850     2.8639     3.1444
   52.2500     3.0850     2.8639     3.1444
   52.5000     3.0850     2.8639     3.1444
   52.7500     3.0850     2.8639     3.1444
   53.0000     3.0850     2.8639     3.1444
   53.2500     3.0850     2.8639     3.1444
   53.5000     3.0850     2.8639     3.1444
   53.7500     3.0850     2.8639     3.1444
   54.0000     3.0850     2.8639     3.1444
   54.2500     3.0850     2.8639     3.1444
   54.5000     3.0850     2.8639     3.1444
   54.7500     3.0850     2.8639     3.1444
   55.0000     3.0850     2.8639     3.1444
   55.2500     3.0850     2.8639     3.1444
   55.5000     3.0850     2.8639     3.1444
   55.7500     3.0850     2.8639     3.1444
   56.0000     3.0850     2.8639     3.1444
   56.2500     3.0850     2.8639     3.1444
   56.5000     3.0850     2.8639     3.1444
   56.7500     3.0850     2.8639     3.1444
   57.0000     3.0904     2.8639     3.1687
   57.2500     3.0968     2.8639     3.1990
   57.5000     3.1080     2.8639     3.2627
   57.7500     3.1228     2.8639     3.2930
   58.0000     3.1385     2.8639     3.3116
   58.2500     3.1730     2.8639     3.3569
   58.5000     3.2054     2.8639     3.3734
   58.7500     3.2284     2.8639     3.3861
   59.0000     3.2579     2.8643     3.3949
   59.2500     3.2620     2.9176     3.3949
   59.5000     3.2620     2.9176     3.4019
   59.7500     3.2620     2.9176     3.4019
   60.0000     3.2620     2.9176     3.4019
