# depth_km vs_median_km_s vs_p16 vs_p84
    0.0000     1.7031     1.7021     1.7041
    0.2500     1.7031     1.7021     1.7041
    0.5000     1.7031     1.7021     1.7041
    0.7500     1.7031     1.7021     1.7041
    1.0000     1.7031     1.7021     1.7041
    1.2500     1.7031     1.7021     1.7041
    1.5000     3.1768     3.1713     3.1827
    1.7500     3.1768     3.1713     3.1827
    2.0000     3.1768     3.1713     3.1827
    2.2500     3.1768     3.1713     3.1827
    2.5000     3.1768     3.1713     3.1827
    2.7500     3.1768     3.1713     3.1827
    3.0000     3.1768     3.1713     3.1827
    3.2500     3.1768     3.1713     3.1827
    3.5000     3.1768     3.1713     3.1827
    3.7500     3.1768     3.1713     3.1827
    4.0000     3.1768     3.1713     3.1827
    4.2500     3.1768     3.1713     3.1827
    4.5000     3.1768     3.1713     3.1827
    4.7500     3.1768     3.1713     3.1827
    5.0000     3.1768     3.1713     3.1827
    5.2500     3.1768     3.1713     3.1827
    5.5000     2.4643     2.3170     3.1696
    5.7500     2.4382     2.3170     2.6728
    6.0000     2.4382     2.3170     2.6728
    6.2500     2.4382     2.3170     2.6728
    6.5000     2.4382     2.3170     2.6728
    6.7500     2.4382     2.3170     2.6728
    7.0000     2.4382     2.3170     2.6728
    7.2500     2.4382     2.3170     2.6728
    7.5000     2.4382     2.3170     2.6728
    7.7500     2.4382     2.3170     2.6728
    8.0000     2.4382     2.3170     2.6728
    8.2500     2.4382     2.3170     2.6728
    8.5000     2.4382     2.3170     2.6728
    8.7500     2.4382     2.3170     2.6728
    9.0000     2.4382     2.3170     2.6728
    9.2500     2.4382     2.3170     2.6728
    9.5000     2.4382     2.3170     2.6728
    9.7500     2.4382     2.3170     2.6728
   10.0000     2.4382     2.3170     2.6728
   10.2500     2.4382     2.3170     2.6728
   10.5000     2.4382     2.3170     2.6728
   10.7500     2.4382     2.3170     2.6728
   11.0000     2.4382     2.3170     2.6728
   11.2500     2.4382     2.3170     2.6728
   11.5000     2.8676     2.7861     3.0340
   11.7500     2.8764     2.8261     3.0340
   12.0000     2.8764     2.8261     3.0340
   12.2500     2.8764     2.8261     3.0340
   12.5000     2.8764     2.8261     3.0340
   12.7500     2.8764     2.8261     3.0340
   13.0000     2.8764     2.8261     3.0340
   13.2500     2.8764     2.8261     3.0340
   13.5000     2.8764     2.8261     3.0340
   13.7500     2.8764     2.8261     3.0340
   14.0000     2.8764     2.8261     3.0340
   14.2500     2.8764     2.8261     3.0340
   14.5000     2.8764     2.8261     3.0340
   14.7500     2.8764     2.8261     3.0340
   15.0000     2.8764     2.8261     3.0340
   15.2500     2.8764     2.8261     3.0340
   15.5000     2.8764     2.8261     3.0340
   15.7500     2.8764     2.8261     3.0340
   16.0000     2.8764     2.8261     3.0340
   16.2500     2.8764     2.8261     3.0340
   16.5000     2.8764     2.8261     3.0340
   16.7500     2.8764     2.8261     3.0340
   17.0000     2.8764     2.8261     3.0340
   17.2500     2.8764     2.8261     3.0340
   17.5000     2.8764     2.8261     3.0340
   17.7500     2.8764     2.8261     3.0340
   18.0000     2.8764     2.8261     3.0340
   18.2500     2.8764     2.8261     3.0340
   18.5000     2.8764     2.8261     3.0340
   18.7500     2.8764     2.8261     3.0340
   19.0000     2.8764     2.8261     3.0340
   19.2500     2.9117     2.8426     3.1765
   19.5000     3.0123     2.8683     3.1798
   19.7500     3.0436     3.0049     3.1798
   20.0000     3.0436     3.0096     3.1798
   20.2500     3.0436     3.0096     3.1798
   20.5000     3.0436     3.0096     3.1798
   20.7500     3.0436     3.0096     3.1798
   21.0000     3.0436     3.0096     3.1798
   21.2500     3.0436     3.0096     3.1798
   21.5000     3.0436     3.0096     3.1798
   21.7500     3.0436     3.0096     3.1798
   22.0000     3.0436     3.0096     3.1798
   22.2500     3.0436     3.0096     3.1798
   22.5000     3.0436     3.0096     3.1798
   22.7500     3.0436     3.0096     3.1798
   23.0000     3.0436     3.0096     3.1798
   23.2500     3.0436     3.0096     3.1798
   23.5000     3.0436     3.0096     3.1798
   23.7500     3.0436     3.0096     3.1798
   24.0000     3.0436     3.0096     3.1798
   24.2500     3.0436     3.0096     3.1798
   24.5000     3.0436     3.0096     3.1798
   24.7500     3.0436     3.0096     3.1798
   25.0000     3.0436     3.0096     3.1798
   25.2500     3.0436     3.0096     3.1798
   25.5000     3.0436     3.0096     3.1798
   25.7500     3.0436     3.0096     3.1798
   26.0000     3.0436     3.0096     3.1798
   26.2500     3.0436     3.0096     3.1798
   26.5000     3.0436     3.0096     3.1798
   26.7500     3.0436     3.0096     3.1798
   27.0000     3.0436     3.0096     3.1798
   27.2500     3.0436     3.0096     3.1798
   27.5000     3.0436     3.0096     3.1798
   27.7500     3.0436     3.0096     3.1798
   28.0000     3.0436     3.0096     3.1798
   28.2500     3.0436     3.0096     3.1798
   28.5000     3.0436     3.0096     3.1798
   28.7500     3.0436     3.0096     3.1798
   29.0000     3.0436     3.0096     3.1798
   29.2500     3.0523     3.0096     3.7485
   29.5000     3.5368     3.0151     3.8729
   29.7500     3.6537     3.4612     3.8729
   30.0000     3.6644     3.4811     3.8729
   30.2500     3.6644     3.4811     3.8729
   30.5000     3.6644     3.4811     3.8729
   30.7500     3.6644     3.4811     3.8729
   31.0000     3.6644     3.4811     3.8729
   31.2500     3.6644     3.4811     3.8729
   31.5000     3.6644     3.4811     3.8729
   31.7500     3.6644     3.4811     3.8729
   32.0000     3.6644     3.4811     3.8729
   32.2500     3.6644     3.4811     3.8729
   32.5000     3.6644     3.4811     3.8729
   32.7500     3.6644     3.4811     3.8729
   33.0000     3.6644     3.4811     3.8729
   33.2500     3.6644     3.4811     3.8729
   33.5000     3.6644     3.4811     3.8729
   33.7500     3.6644     3.4811     3.8729
   34.0000     3.6644     3.4811     3.8729
   34.2500     3.6644     3.4811     3.8729
   34.5000     3.6644     3.4811     3.8729
   34.7500     3.6644     3.4811     3.8729
   35.0000     3.6644     3.4811     3.8729
   35.2500     3.6644     3.4811     3.8729
   35.5000     3.6644     3.4811     3.8729
   35.7500     3.6644     3.4811     3.8729
   36.0000     3.6644     3.4811     3.8729
   36.2500     3.6644     3.4811     3.8729
   36.5000     3.6644     3.4811     3.8729
   36.7500     3.6644     3.4811     3.8729
   37.0000     3.6644     3.4811     3.8729
   37.2500     3.6644     3.4811     3.8729
   37.5000     3.6644     3.4811     3.8729
   37.7500     3.6644     3.4811     3.8729
   38.0000     3.6644     3.4811     3.8729
   38.2500     3.6644     3.4811     3.8729
   38.5000     3.6644     3.4811     3.8729
   38.7500     3.6644     3.4811     3.8729
   39.0000     3.6644     3.4811     3.8729
   39.2500     3.6644     3.4811     3.8729
   39.5000     3.6644     3.4811     3.8729
   39.7500     3.6644     3.4811     3.8729
   40.0000     3.6644     3.4811     3.8729
   40.2500     3.6644     3.4811     3.8729
   40.5000     3.6644     3.4811     3.8729
   40.7500     3.6644     3.4811     3.8729
   41.0000     3.6644     3.4811     3.8729
   41.2500     3.6644     3.4811     3.8729
   41.5000     3.6644     3.4811     3.8729
   41.7500     3.6644     3.4811     3.8729
   42.0000     3.6644     3.4811     3.8729
   42.2500     3.6644     3.4811     3.8729
   42.5000     3.6644     3.4811     3.8729
   42.7500     3.6644     3.4811     3.8729
   43.0000     3.6644     3.4811     3.8729
   43.2500     3.6644     3.4811     3.8729
   43.5000     3.6644     3.4811     3.8729
   43.7500     3.6644     3.4811     3.8729
   44.0000     3.6644     3.4811     3.8729
   44.2500     3.6644     3.4811     3.8729
   44.5000     3.6644     3.4811     3.8729
   44.7500     3.6644     3.4811     3.8729
   45.0000     3.6644     3.4811     3.8729
   45.2500     3.6644     3.4811     3.8729
   45.5000     3.6644     3.4811     3.8729
   45.7500     3.6644     3.4811     3.8729
   46.0000     3.6644     3.4811     3.8729
   46.2500     3.6644     3.4811     3.8729
   46.5000     3.6644     3.4811     3.8729
   46.7500     3.6644     3.4811     3.8729
   47.0000     3.6644     3.4811     3.8729
   47.2500     3.6644     3.4811     3.8729
   47.5000     3.6644     3.4811     3.8729
   47.7500     3.6644     3.4811     3.8729
   48.0000     3.6644     3.4811     3.8729
   48.2500     3.6644     3.4811     3.8729
   48.5000     3.6644     3.4811     3.8729
   48.7500     3.6644     3.4811     3.8729
   49.0000     3.6644     3.4811     3.8729
   49.2500     3.6644     3.4811     3.8729
   49.5000     3.6644     3.4811     3.8729
   49.7500     3.6644     3.4811     3.8729
   50.0000     3.6644     3.4811     3.8729
   50.2500     3.6644     3.4811     3.8729
   50.5000     3.6644     3.4811     3.8729
   50.7500     3.6644     3.4811     3.8729
   51.0000     3.6644     3.4811     3.8729
   51.2500     3.6644     3.4811     3.8729
   51.5000     3.6644     3.4811     3.8729
   51.7500     3.6644     3.4811     3.8729
   52.0000     3.6644     3.4811     3.8729
   52.2500     3.6644     3.4811     3.8729
   52.5000     3.6644     3.4811     3.8729
   52.7500     3.6644     3.4811     3.8729
   53.0000     3.6644     3.4811     3.8729
   53.2500     3.6644     3.4811     3.8729
   53.5000     3.6644     3.4811     3.8729
   53.7500     3.6644     3.4811     3.8729
   54.0000     3.6644     3.4811     3.8729
   54.2500     3.6644     3.4811     3.8729
   54.5000     3.6644     3.4811     3.8729
   54.7500     3.6644     3.4811     3.8729
   55.0000     3.6644     3.4811     3.8729
   55.2500     3.6644     3.4811     3.8729
   55.5000     3.6644     3.4811     3.8729
   55.7500     3.6644     3.4811     3.8729
   56.0000     3.6644     3.4811     3.8729
   56.2500     3.6644     3.4811     3.8729
   56.5000     3.6644     3.4811     3.8729
   56.7500     3.6644     3.4811     3.8729
   57.0000     3.6644     3.4811     3.8729
   57.2500     3.6644     3.4811     3.8729
   57.5000     3.6644     3.4811     3.8729
   57.7500     3.6644     3.4811     3.8729
   58.0000     3.6644     3.4811     3.8729
   58.2500     3.6644     3.4811     3.8729
   58.5000     3.6644     3.4811     3.8729
   58.7500     3.7052     3.4811     3.9094
   59.0000     3.7307     3.4811     4.1238
   59.2500     3.7878     3.4811     4.1732
   59.5000     4.1150     3.5481     4.3619
   59.7500     4.1197     3.5809     4.3619
   60.0000     4.1470     4.0868     4.3683
