# depth_km vs_median_km_s vs_p16 vs_p84
    0.0000     1.7767     1.7735     1.7872
    0.2500     1.7767     1.7735     1.7872
    0.5000     1.7767     1.7735     1.7872
    0.7500     1.7767     1.7735     1.7872
    1.0000     1.7767     1.7735     1.7872
    1.2500     1.7767     1.7735     1.7872
    1.5000     2.5846     1.7876     2.6338
    1.7500     2.6193     2.5834     2.7934
    2.0000     2.6193     2.5834     2.7934
    2.2500     2.6193     2.5834     2.7934
    2.5000     2.6193     2.5834     2.7934
    2.7500     2.6193     2.5834     2.7934
    3.0000     2.6193     2.5834     2.7934
    3.2500     2.6193     2.5834     2.7934
    3.5000     2.6193     2.5834     2.7934
    3.7500     2.6193     2.5834     2.7934
    4.0000     2.6193     2.5834     2.7934
    4.2500     2.6193     2.5834     2.7934
    4.5000     2.6193     2.5834     2.7934
    4.7500     2.6193     2.5834     2.7934
    5.0000     2.6193     2.5834     2.7934
    5.2500     2.6193     2.5834     2.7934
    5.5000     2.7570     2.6897     2.8557
    5.7500     2.7716     2.7021     2.8565
    6.0000     2.7530     2.7012     2.8462
    6.2500     2.7530     2.7012     2.8462
    6.5000     2.7530     2.7012     2.8462
    6.7500     2.7530     2.7012     2.8462
    7.0000     2.7530     2.7012     2.8462
    7.2500     2.7530     2.7012     2.8462
    7.5000     2.7530     2.7012     2.8462
    7.7500     2.7530     2.7012     2.8462
    8.0000     2.7530     2.7012     2.8462
    8.2500     2.7530     2.7012     2.8462
    8.5000     2.7530     2.7012     2.8462
    8.7500     2.7530     2.7012     2.8462
    9.0000     2.7530     2.7012     2.8462
    9.2500     2.7530     2.7012     2.8462
    9.5000     2.7530     2.7012     2.8462
    9.7500     2.7530     2.7012     2.8462
   10.0000     2.7530     2.7012     2.8462
   10.2500     2.7530     2.7012     2.8462
   10.5000     2.7530     2.7012     2.8462
   10.7500     2.7530     2.7012     2.8462
   11.0000     2.7530     2.7012     2.8462
   11.2500     2.7530     2.7012     2.8462
   11.5000     2.9250     2.7769     3.1152
   11.7500     2.9988     2.8657     3.1157
   12.0000     2.9988     2.8721     3.1157
   12.2500     2.9988     2.8721     3.1157
   12.5000     2.9988     2.8721     3.1157
   12.7500     2.9988     2.8721     3.1157
   13.0000     2.9988     2.8721     3.1157
   13.2500     2.9988     2.8721     3.1157
   13.5000     2.9988     2.8721     3.1157
   13.7500     2.9988     2.8721     3.1157
   14.0000     2.9988     2.8721     3.1157
   14.2500     2.9988     2.8721     3.1157
   14.5000     2.9988     2.8721     3.1157
   14.7500     2.9988     2.8721     3.1157
   15.0000     2.9988     2.8721     3.1157
   15.2500     2.9988     2.8721     3.1157
   15.5000     2.9988     2.8721     3.1157
   15.7500     2.9988     2.8721     3.1157
   16.0000     2.9988     2.8721     3.1157
   16.2500     2.9988     2.8721     3.1157
   16.5000     2.9988     2.8721     3.1157
   16.7500     2.9988     2.8721     3.1157
   17.0000     2.9988     2.8721     3.1157
   17.2500     2.9988     2.8721     3.1157
   17.5000     2.9988     2.8721     3.1157
   17.7500     2.9988     2.8721     3.1157
   18.0000     2.9988     2.8721     3.1157
   18.2500     2.9988     2.8721     3.1157
   18.5000     2.9988     2.8721     3.1157
   18.7500     2.9988     2.8721     3.1157
   19.0000     2.9988     2.8721     3.1157
   19.2500     3.0308     2.8721     3.1504
   19.5000     3.0808     2.8748     3.3471
   19.7500     3.2607     2.9702     3.3471
   20.0000     3.2768     3.0342     3.3471
   20.2500     3.2768     3.0348     3.3471
   20.5000     3.2768     3.0348     3.3471
   20.7500     3.2768     3.0348     3.3471
   21.0000     3.2768     3.0348     3.3471
   21.2500     3.2768     3.0348     3.3471
   21.5000     3.2768     3.0348     3.3471
   21.7500     3.2768     3.0348     3.3471
   22.0000     3.2768     3.0348     3.3471
   22.2500     3.2768     3.0348     3.3471
   22.5000     3.2768     3.0348     3.3471
   22.7500     3.2768     3.0348     3.3471
   23.0000     3.2768     3.0348     3.3471
   23.2500     3.2768     3.0348     3.3471
   23.5000     3.2768     3.0348     3.3471
   23.7500     3.2768     3.0348     3.3471
   24.0000     3.2768     3.0348     3.3471
   24.2500     3.2768     3.0348     3.3471
   24.5000     3.2768     3.0348     3.3471
   24.7500     3.2768     3.0348     3.3471
   25.0000     3.2768     3.0348     3.3471
   25.2500     3.2768     3.0348     3.3471
   25.5000     3.2768     3.0348     3.3471
   25.7500     3.2768     3.0348     3.3471
   26.0000     3.2768     3.0348     3.3471
   26.2500     3.2768     3.0348     3.3471
   26.5000     3.2768     3.0348     3.3471
   26.7500     3.2768     3.0348     3.3471
   27.0000     3.2768     3.0348     3.3471
   27.2500     3.2768     3.0348     3.3471
   27.5000     3.2768     3.0348     3.3471
   27.7500     3.2768     3.0348     3.3471
   28.0000     3.2768     3.0348     3.3471
   28.2500     3.2768     3.0348     3.3471
   28.5000     3.2768     3.0348     3.3471
   28.7500     3.2768     3.0348     3.3471
   29.0000     3.2768     3.0348     3.3471
   29.2500     3.2777     3.0348     3.4757
   29.5000     3.2823     3.0348     3.5477
   29.7500     3.4239     3.1075     3.5491
   30.0000     3.4699     3.3042     3.5722
   30.2500     3.4699     3.3042     3.5722
   30.5000     3.4699     3.3042     3.5722
   30.7500     3.4699     3.3042     3.5722
   31.0000     3.4699     3.3042     3.5722
   31.2500     3.4699     3.3042     3.5722
   31.5000     3.4699     3.3042     3.5722
   31.7500     3.4699     3.3042     3.5722
   32.0000     3.4699     3.3042     3.5722
   32.2500     3.4699     3.3042     3.5722
   32.5000     3.4699     3.3042     3.5722
   32.7500     3.4699     3.3042     3.5722
   33.0000     3.4699     3.3042     3.5722
   33.2500     3.4699     3.3042     3.5722
   33.5000     3.4699     3.3042     3.5722
   33.7500     3.4699     3.3042     3.5722
   34.0000     3.4699     3.3042     3.5722
   34.2500     3.4699     3.3042     3.5722
   34.5000     3.4699     3.3042     3.5722
   34.7500     3.4699     3.3042     3.5722
   35.0000     3.4699     3.3042     3.5722
   35.2500     3.4699     3.3042     3.5722
   35.5000     3.4699     3.3042     3.5722
   35.7500     3.4699     3.3042     3.5722
   36.0000     3.4699     3.3042     3.5722
   36.2500     3.4699     3.3042     3.5722
   36.5000     3.4699     3.3042     3.5722
   36.7500     3.4699     3.3042     3.5722
   37.0000     3.4699     3.3042     3.5722
   37.2500     3.4699     3.3042     3.5722
   37.5000     3.4699     3.3042     3.5722
   37.7500     3.4699     3.3042     3.5722
   38.0000     3.4699     3.3042     3.5722
   38.2500     3.4699     3.3042     3.5722
   38.5000     3.4699     3.3042     3.5722
   38.7500     3.4699     3.3042     3.5722
   39.0000     3.4699     3.3042     3.5722
   39.2500     3.4699     3.3042     3.5722
   39.5000     3.4699     3.3042     3.5722
   39.7500     3.4699     3.3042     3.5722
   40.0000     3.4699     3.3042     3.5722
   40.2500     3.4699     3.3042     3.5722
   40.5000     3.4699     3.3042     3.5722
   40.7500     3.4699     3.3042     3.5722
   41.0000     3.4699     3.3042     3.5722
   41.2500     3.4699     3.3042     3.5722
   41.5000     3.4699     3.3042     3.5722
   41.7500     3.4699     3.3042     3.5722
   42.0000     3.4699     3.3042     3.5722
   42.2500     3.4699     3.3042     3.5722
   42.5000     3.4699     3.3042     3.5722
   42.7500     3.4699     3.3042     3.5722
   43.0000     3.4699     3.3042     3.5722
   43.2500     3.4699     3.3042     3.5722
   43.5000     3.4699     3.3042     3.5722
   43.7500     3.4699     3.3042     3.5722
   44.0000     3.4699     3.3042     3.5722
   44.2500     3.4699     3.3042     3.5722
   44.5000     3.4699     3.3042     3.5722
   44.7500     3.4699     3.3042     3.5722
   45.0000     3.4699     3.3042     3.5722
   45.2500     3.4699     3.3042     3.5722
   45.5000     3.4699     3.3042     3.5722
   45.7500     3.4699     3.3042     3.5722
   46.0000     3.4699     3.3042     3.5722
   46.2500     3.4699     3.3042     3.5722
   46.5000     3.4699     3.3042     3.5722
   46.7500     3.4699     3.3042     3.5722
   47.0000     3.4699     3.3042     3.5722
   47.2500     3.4699     3.3042     3.5722
   47.5000     3.4699     3.3042     3.5722
   47.7500     3.4699     3.3042     3.5722
   48.0000     3.4699     3.3042     3.5722
   48.2500     3.4699     3.3042     3.5722
   48.5000     3.4699     3.3042     3.5722
   48.7500     3.4699     3.3042     3.5722
   49.0000     3.4699     3.3042     3.5722
   49.2500     3.4699     3.3042     3.5722
   49.5000     3.4699     3.3042     3.5722
   49.7500     3.4699     3.3042     3.5722
   50.0000     3.4699     3.3042     3.5722
   50.2500     3.4699     3.3042     3.5722
   50.5000     3.4699     3.3042     3.5722
   50.7500     3.4699     3.3042     3.5722
   51.0000     3.4699     3.3042     3.5722
   51.2500     3.4699     3.3042     3.5722
   51.5000     3.4699     3.3042     3.5722
   51.7500     3.4699     3.3042     3.5722
   52.0000     3.4699     3.3042     3.5722
   52.2500     3.4699     3.3042     3.5722
   52.5000     3.4699     3.3042     3.5722
   52.7500     3.4699     3.3042     3.5722
   53.0000     3.4699     3.3042     3.5722
   53.2500     3.4699     3.3042     3.5722
   53.5000     3.4699     3.3042     3.5722
   53.7500     3.4699     3.3042     3.5722
   54.0000     3.4699     3.3042     3.5722
   54.2500     3.4699     3.3042     3.5722
   54.5000     3.4699     3.3042     3.5722
   54.7500     3.4699     3.3042     3.5722
   55.0000     3.4699     3.3042     3.5722
   55.2500     3.4699     3.3042     3.5722
   55.5000     3.4699     3.3042     3.5722
   55.7500     3.4699     3.3042     3.5722
   56.0000     3.4699     3.3042     3.5722
   56.2500     3.4699     3.3042     3.5722
   56.5000     3.4699     3.3042     3.5722
   56.7500     3.4699     3.3042     3.5722
   57.0000     3.4699     3.3042     3.5722
   57.2500     3.4699     3.3042     3.5722
   57.5000     3.4699     3.3042     3.5722
   57.7500     3.4699     3.3042     3.5722
   58.0000     3.4699     3.3042     3.5722
   58.2500     3.4699     3.3042     3.5722
   58.5000     3.4699     3.3042     3.5722
   58.7500     3.5105     3.3413     3.6374
   59.0000     3.5898     3.3413     3.8849
   59.2500     3.6290     3.3413     3.9469
   59.5000     3.6731     3.3979     3.9579
   59.7500     3.7977     3.4487     4.0072
   60.0000     3.8101     3.4817     4.0146
