# depth_km vs_median_km_s vs_p16 vs_p84
    0.0000     1.6490     1.6475     1.6504
    0.2500     1.6490     1.6475     1.6504
    0.5000     1.6490     1.6475     1.6504
    0.7500     1.6490     1.6475     1.6504
    1.0000     1.6490     1.6475     1.6504
    1.2500     1.6490     1.6475     1.6504
    1.5000     2.8513     2.8454     2.8584
    1.7500     2.8513     2.8454     2.8584
    2.0000     2.8513     2.8454     2.8584
    2.2500     2.8513     2.8454     2.8584
    2.5000     2.8513     2.8454     2.8584
    2.7500     2.8513     2.8454     2.8584
    3.0000     2.8513     2.8454     2.8584
    3.2500     2.8513     2.8454     2.8584
    3.5000     2.8513     2.8454     2.8584
    3.7500     2.8513     2.8454     2.8584
    4.0000     2.8513     2.8454     2.8584
    4.2500     2.8513     2.8454     2.8584
    4.5000     2.8513     2.8454     2.8584
    4.7500     2.8513     2.8454     2.8584
    5.0000     2.8513     2.8454     2.8584
    5.2500     2.8513     2.8454     2.8584
    5.5000     2.8555     2.7292     2.9455
    5.7500     2.8809     2.7292     2.9575
    6.0000     2.8809     2.7292     2.9575
    6.2500     2.8809     2.7292     2.9575
    6.5000     2.8809     2.7292     2.9575
    6.7500     2.8809     2.7292     2.9575
    7.0000     2.8809     2.7292     2.9575
    7.2500     2.8809     2.7292     2.9575
    7.5000     2.8809     2.7292     2.9575
    7.7500     2.8809     2.7292     2.9575
    8.0000     2.8809     2.7292     2.9575
    8.2500     2.8809     2.7292     2.9575
    8.5000     2.8809     2.7292     2.9575
    8.7500     2.8809     2.7292     2.9575
    9.0000     2.8809     2.7292     2.9575
    9.2500     2.8809     2.7292     2.9575
    9.5000     2.8809     2.7292     2.9575
    9.7500     2.8809     2.7292     2.9575
   10.0000     2.8809     2.7292     2.9575
   10.2500     2.8809     2.7292     2.9575
   10.5000     2.8809     2.7292     2.9575
   10.7500     2.8809     2.7292     2.9575
   11.0000     2.8809     2.7292     2.9575
   11.2500     2.8900     2.7294     2.9705
   11.5000     2.9216     2.6978     3.0873
   11.7500     2.9216     2.6931     3.0881
   12.0000     2.9216     2.6931     3.0881
   12.2500     2.9216     2.6931     3.0881
   12.5000     2.9216     2.6931     3.0881
   12.7500     2.9216     2.6931     3.0881
   13.0000     2.9216     2.6931     3.0881
   13.2500     2.9216     2.6931     3.0881
   13.5000     2.9216     2.6931     3.0881
   13.7500     2.9216     2.6931     3.0881
   14.0000     2.9216     2.6931     3.0881
   14.2500     2.9216     2.6931     3.0881
   14.5000     2.9216     2.6931     3.0881
   14.7500     2.9216     2.6931     3.0881
   15.0000     2.9216     2.6931     3.0881
   15.2500     2.9216     2.6931     3.0881
   15.5000     2.9216     2.6931     3.0881
   15.7500     2.9216     2.6931     3.0881
   16.0000     2.9216     2.6931     3.0881
   16.2500     2.9216     2.6931     3.0881
   16.5000     2.9216     2.6931     3.0881
   16.7500     2.9216     2.6931     3.0881
   17.0000     2.9216     2.6931     3.0881
   17.2500     2.9216     2.6931     3.0881
   17.5000     2.9216     2.6931     3.0881
   17.7500     2.9216     2.6931     3.0881
   18.0000     2.9216     2.6931     3.0881
   18.2500     2.9216     2.6931     3.0881
   18.5000     2.9216     2.6931     3.0881
   18.7500     2.9216     2.6931     3.0881
   19.0000     2.9216     2.6931     3.0881
   19.2500     2.9595     2.7201     3.2153
   19.5000     3.1441     2.8490     3.2894
   19.7500     3.1862     3.0769     3.2894
   20.0000     3.2029     3.0957     3.2926
   20.2500     3.2029     3.0957     3.2926
   20.5000     3.2029     3.0957     3.2926
   20.7500     3.2029     3.0957     3.2926
   21.0000     3.2029     3.0957     3.2926
   21.2500     3.2029     3.0957     3.2926
   21.5000     3.2029     3.0957     3.2926
   21.7500     3.2029     3.0957     3.2926
   22.0000     3.2029     3.0957     3.2926
   22.2500     3.2029     3.0957     3.2926
   22.5000     3.2029     3.0957     3.2926
   22.7500     3.2029     3.0957     3.2926
   23.0000     3.2029     3.0957     3.2926
   23.2500     3.2029     3.0957     3.2926
   23.5000     3.2029     3.0957     3.2926
   23.7500     3.2029     3.0957     3.2926
   24.0000     3.2029     3.0957     3.2926
   24.2500     3.2029     3.0957     3.2926
   24.5000     3.2029     3.0957     3.2926
   24.7500     3.2029     3.0957     3.2926
   25.0000     3.2029     3.0957     3.2926
   25.2500     3.2029     3.0957     3.2926
   25.5000     3.2029     3.0957     3.2926
   25.7500     3.2029     3.0957     3.2926
   26.0000     3.2029     3.0957     3.2926
   26.2500     3.2029     3.0957     3.2926
   26.5000     3.2029     3.0957     3.2926
   26.7500     3.2029     3.0957     3.2926
   27.0000     3.2029     3.0957     3.2926
   27.2500     3.2029     3.0957     3.2926
   27.5000     3.2029     3.0957     3.2926
   27.7500     3.2029     3.0957     3.2926
   28.0000     3.2029     3.0957     3.2926
   28.2500     3.2029     3.0957     3.2926
   28.5000     3.2029     3.0957     3.2926
   28.7500     3.2029     3.0957     3.2926
   29.0000     3.2029     3.0957     3.2943
   29.2500     3.2140     3.0957     3.5481
   29.5000     3.3156     3.1079     3.5704
   29.7500     3.4859     3.1720     3.5826
   30.0000     3.5024     3.3851     3.5826
   30.2500     3.5024     3.3851     3.5826
   30.5000     3.5024     3.3851     3.5826
   30.7500     3.5024     3.3851     3.5826
   31.0000     3.5024     3.3851     3.5826
   31.2500     3.5024     3.3851     3.5826
   31.5000     3.5024     3.3851     3.5826
   31.7500     3.5024     3.3851     3.5826
   32.0000     3.5024     3.3851     3.5826
   32.2500     3.5024     3.3851     3.5826
   32.5000     3.5024     3.3851     3.5826
   32.7500     3.5024     3.3851     3.5826
   33.0000     3.5024     3.3851     3.5826
   33.2500     3.5024     3.3851     3.5826
   33.5000     3.5024     3.3851     3.5826
   33.7500     3.5024     3.3851     3.5826
   34.0000     3.5024     3.3851     3.5826
   34.2500     3.5024     3.3851     3.5826
   34.5000     3.5024     3.3851     3.5826
   34.7500     3.5024     3.3851     3.5826
   35.0000     3.5024     3.3851     3.5826
   35.2500     3.5024     3.3851     3.5826
   35.5000     3.5024     3.3851     3.5826
   35.7500     3.5024     3.3851     3.5826
   36.0000     3.5024     3.3851     3.5826
   36.2500     3.5024     3.3851     3.5826
   36.5000     3.5024     3.3851     3.5826
   36.7500     3.5024     3.3851     3.5826
   37.0000     3.5024     3.3851     3.5826
   37.2500     3.5024     3.3851     3.5826
   37.5000     3.5024     3.3851     3.5826
   37.7500     3.5024     3.3851     3.5826
   38.0000     3.5024     3.3851     3.5826
   38.2500     3.5024     3.3851     3.5826
   38.5000     3.5024     3.3851     3.5826
   38.7500     3.5024     3.3851     3.5826
   39.0000     3.5024     3.3851     3.5826
   39.2500     3.5024     3.3851     3.5826
   39.5000     3.5024     3.3851     3.5826
   39.7500     3.5024     3.3851     3.5826
   40.0000     3.5024     3.3851     3.5826
   40.2500     3.5024     3.3851     3.5826
   40.5000     3.5024     3.3851     3.5826
   40.7500     3.5024     3.3851     3.5826
   41.0000     3.5024     3.3851     3.5826
   41.2500     3.5024     3.3851     3.5826
   41.5000     3.5024     3.3851     3.5826
   41.7500     3.5024     3.3851     3.5826
   42.0000     3.5024     3.3851     3.5826
   42.2500     3.5024     3.3851     3.5826
   42.5000     3.5024     3.3851     3.5826
   42.7500     3.5024     3.3851     3.5826
   43.0000     3.5024     3.3851     3.5826
   43.2500     3.5024     3.3851     3.5826
   43.5000     3.5024     3.3851     3.5826
   43.7500     3.5024     3.3851     3.5826
   44.0000     3.5024     3.3851     3.5826
   44.2500     3.5024     3.3851     3.5826
   44.5000     3.5024     3.3851     3.5826
   44.7500     3.5024     3.3851     3.5826
   45.0000     3.5024     3.3851     3.5826
   45.2500     3.5024     3.3851     3.5826
   45.5000     3.5024     3.3851     3.5826
   45.7500     3.5024     3.3851     3.5826
   46.0000     3.5024     3.3851     3.5826
   46.2500     3.5024     3.3851     3.5826
   46.5000     3.5024     3.3851     3.5826
   46.7500     3.5024     3.3851     3.5826
   47.0000     3.5024     3.3851     3.5826
   47.2500     3.5024     3.3851     3.5826
   47.5000     3.5024     3.3851     3.5826
   47.7500     3.5024     3.3851     3.5826
   48.0000     3.5024     3.3851     3.5826
   48.2500     3.5024     3.3851     3.5826
   48.5000     3.5024     3.3851     3.5826
   48.7500     3.5024     3.3851     3.5826
   49.0000     3.5024     3.3851     3.5826
   49.2500     3.5024     3.3851     3.5826
   49.5000     3.5024     3.3851     3.5826
   49.7500     3.5024     3.3851     3.5826
   50.0000     3.5024     3.3851     3.5826
   50.2500     3.5024     3.3851     3.5826
   50.5000     3.5024     3.3851     3.5826
   50.7500     3.5024     3.3851     3.5826
   51.0000     3.5024     3.3851     3.5826
   51.2500     3.5024     3.3851     3.5826
   51.5000     3.5024     3.3851     3.5826
   51.7500     3.5024     3.3851     3.5826
   52.0000     3.5024     3.3851     3.5826
   52.2500     3.5024     3.3851     3.5826
   52.5000     3.5024     3.3851     3.5826
   52.7500     3.5024     3.3851     3.5826
   53.0000     3.5024     3.3851     3.5826
   53.2500     3.5024     3.3851     3.5826
   53.5000     3.5024     3.3851     3.5826
   53.7500     3.5024     3.3851     3.5826
   54.0000     3.5024     3.3851     3.5826
   54.2500     3.5024     3.3851     3.5826
   54.5000     3.5024     3.3851     3.5826
   54.7500     3.5024     3.3851     3.5826
   55.0000     3.5024     3.3851     3.5826
   55.2500     3.5024     3.3851     3.5826
   55.5000     3.5024     3.3851     3.5826
   55.7500     3.5024     3.3851     3.5826
   56.0000     3.5024     3.3851     3.5826
   56.2500     3.5024     3.3851     3.5826
   56.5000     3.5024     3.3851     3.5826
   56.7500     3.5024     3.3851     3.5826
   57.0000     3.5024     3.3851     3.5826
   57.2500     3.5024     3.3851     3.5826
   57.5000     3.5024     3.3851     3.5826
   57.7500     3.5024     3.3851     3.5826
   58.0000     3.5024     3.3851     3.5826
   58.2500     3.5024     3.3851     3.5826
   58.5000     3.5024     3.3851     3.5826
   58.7500     3.5036     3.3851     3.5849
   59.0000     3.5258     3.3887     3.6932
   59.2500     3.5542     3.4349     3.8317
   59.5000     3.5702     3.4569     3.9388
   59.7500     3.8306     3.4706     4.0778
   60.0000     3.9229     3.7198     4.0978
