# depth_km vs_median_km_s vs_p16 vs_p84
    0.0000     1.9294     1.9256     1.9332
    0.2500     1.9294     1.9256     1.9332
    0.5000     1.9294     1.9256     1.9332
    0.7500     1.9294     1.9256     1.9332
    1.0000     1.9294     1.9256     1.9332
    1.2500     1.9294     1.9256     1.9332
    1.5000     1.9294     1.9256     1.9332
    1.7500     1.9338     1.9293     2.9891
    2.0000     3.0448     2.9793     3.1263
    2.2500     3.0448     2.9793     3.1263
    2.5000     3.0448     2.9793     3.1263
    2.7500     3.0448     2.9793     3.1263
    3.0000     3.0448     2.9793     3.1263
    3.2500     3.0448     2.9793     3.1263
    3.5000     3.0448     2.9793     3.1263
    3.7500     3.0448     2.9793     3.1263
    4.0000     3.0448     2.9793     3.1263
    4.2500     3.0448     2.9793     3.1263
    4.5000     3.0448     2.9793     3.1263
    4.7500     3.0448     2.9793     3.1263
    5.0000     3.0448     2.9793     3.1263
    5.2500     3.0448     2.9793     3.1263
    5.5000     3.0448     2.9793     3.1263
    5.7500     3.0279     2.3334     3.1263
    6.0000     2.4158     2.2235     2.5693
    6.2500     2.4158     2.2235     2.5693
    6.5000     2.4158     2.2235     2.5693
    6.7500     2.4158     2.2235     2.5693
    7.0000     2.4158     2.2235     2.5693
    7.2500     2.4158     2.2235     2.5693
    7.5000     2.4158     2.2235     2.5693
    7.7500     2.4158     2.2235     2.5693
    8.0000     2.4158     2.2235     2.5693
    8.2500     2.4158     2.2235     2.5693
    8.5000     2.4158     2.2235     2.5693
    8.7500     2.4158     2.2235     2.5693
    9.0000     2.4158     2.2235     2.5693
    9.2500     2.4158     2.2235     2.5693
    9.5000     2.4158     2.2235     2.5693
    9.7500     2.4158     2.2235     2.5693
   10.0000     2.4158     2.2235     2.5693
   10.2500     2.4158     2.2235     2.5693
   10.5000     2.4158     2.2235     2.5693
   10.7500     2.4158     2.2235     2.5693
   11.0000     2.4158     2.2235     2.5693
   11.2500     2.4158     2.2235     2.5693
   11.5000     2.4158     2.2235     2.5693
   11.7500     2.7687     2.2575     2.9525
   12.0000     2.7835     2.7512     2.9549
   12.2500     2.7835     2.7512     2.9549
   12.5000     2.7835     2.7512     2.9549
   12.7500     2.7835     2.7512     2.9549
   13.0000     2.7835     2.7512     2.9549
   13.2500     2.7835     2.7512     2.9549
   13.5000     2.7835     2.7512     2.9549
   13.7500     2.7835     2.7512     2.9549
   14.0000     2.7835     2.7512     2.9549
   14.2500     2.7835     2.7512     2.9549
   14.5000     2.7835     2.7512     2.9549
   14.7500     2.7835     2.7512     2.9549
   15.0000     2.7835     2.7512     2.9549
   15.2500     2.7835     2.7512     2.9549
   15.5000     2.7835     2.7512     2.9549
   15.7500     2.7835     2.7512     2.9549
   16.0000     2.7835     2.7512     2.9549
   16.2500     2.7835     2.7512     2.9549
   16.5000     2.7835     2.7512     2.9549
   16.7500     2.7835     2.7512     2.9549
   17.0000     2.7835     2.7512     2.9549
   17.2500     2.7835     2.7512     2.9549
   17.5000     2.7835     2.7512     2.9549
   17.7500     2.7835     2.7512     2.9549
   18.0000     2.7835     2.7512     2.9549
   18.2500     2.7835     2.7512     2.9549
   18.5000     2.7835     2.7512     2.9549
   18.7500     2.7835     2.7512     2.9549
   19.0000     2.7835     2.7512     2.9549
   19.2500     2.7835     2.7512     2.9549
   19.5000     2.8023     2.7512     3.2602
   19.7500     2.8430     2.7512     3.2629
   20.0000     3.0902     2.7821     3.2629
   20.2500     3.1048     3.0085     3.2629
   20.5000     3.1048     3.0085     3.2629
   20.7500     3.1048     3.0085     3.2629
   21.0000     3.1048     3.0085     3.2629
   21.2500     3.1048     3.0085     3.2629
   21.5000     3.1048     3.0085     3.2629
   21.7500     3.1048     3.0085     3.2629
   22.0000     3.1048     3.0085     3.2629
   22.2500     3.1048     3.0085     3.2629
   22.5000     3.1048     3.0085     3.2629
   22.7500     3.1048     3.0085     3.2629
   23.0000     3.1048     3.0085     3.2629
   23.2500     3.1048     3.0085     3.2629
   23.5000     3.1048     3.0085     3.2629
   23.7500     3.1048     3.0085     3.2629
   24.0000     3.1048     3.0085     3.2629
   24.2500     3.1048     3.0085     3.2629
   24.5000     3.1048     3.0085     3.2629
   24.7500     3.1048     3.0085     3.2629
   25.0000     3.1048     3.0085     3.2629
   25.2500     3.1048     3.0085     3.2629
   25.5000     3.1048     3.0085     3.2629
   25.7500     3.1048     3.0085     3.2629
   26.0000     3.1048     3.0085     3.2629
   26.2500     3.1048     3.0085     3.2629
   26.5000     3.1048     3.0085     3.2629
   26.7500     3.1048     3.0085     3.2629
   27.0000     3.1048     3.0085     3.2629
   27.2500     3.1048     3.0085     3.2629
   27.5000     3.1048     3.0085     3.2629
   27.7500     3.1048     3.0085     3.2629
   28.0000     3.1048     3.0085     3.2629
   28.2500     3.1048     3.0085     3.2629
   28.5000     3.1048     3.0085     3.2629
   28.7500     3.1048     3.0085     3.2629
   29.0000     3.1048     3.0085     3.2629
   29.2500     3.1048     3.0085     3.2629
   29.5000     3.1048     3.0085     3.2851
   29.7500     3.3282     3.0085     3.8029
   30.0000     3.6008     3.0085     3.8029
   30.2500     3.6708     3.5762     3.8082
   30.5000     3.6708     3.5762     3.8082
   30.7500     3.6708     3.5762     3.8082
   31.0000     3.6708     3.5762     3.8082
   31.2500     3.6708     3.5762     3.8082
   31.5000     3.6708     3.5762     3.8082
   31.7500     3.6708     3.5762     3.8082
   32.0000     3.6708     3.5762     3.8082
   32.2500     3.6708     3.5762     3.8082
   32.5000     3.6708     3.5762     3.8082
   32.7500     3.6708     3.5762     3.8082
   33.0000     3.6708     3.5762     3.8082
   33.2500     3.6708     3.5762     3.8082
   33.5000     3.6708     3.5762     3.8082
   33.7500     3.6708     3.5762     3.8082
   34.0000     3.6708     3.5762     3.8082
   34.2500     3.6708     3.5762     3.8082
   34.5000     3.6708     3.5762     3.8082
   34.7500     3.6708     3.5762     3.8082
   35.0000     3.6708     3.5762     3.8082
   35.2500     3.6708     3.5762     3.8082
   35.5000     3.6708     3.5762     3.8082
   35.7500     3.6708     3.5762     3.8082
   36.0000     3.6708     3.5762     3.8082
   36.2500     3.6708     3.5762     3.8082
   36.5000     3.6708     3.5762     3.8082
   36.7500     3.6708     3.5762     3.8082
   37.0000     3.6708     3.5762     3.8082
   37.2500     3.6708     3.5762     3.8082
   37.5000     3.6708     3.5762     3.8082
   37.7500     3.6708     3.5762     3.8082
   38.0000     3.6708     3.5762     3.8082
   38.2500     3.6708     3.5762     3.8082
   38.5000     3.6708     3.5762     3.8082
   38.7500     3.6708     3.5762     3.8082
   39.0000     3.6708     3.5762     3.8082
   39.2500     3.6708     3.5762     3.8082
   39.5000     3.6708     3.5762     3.8082
   39.7500     3.6708     3.5762     3.8082
   40.0000     3.6708     3.5762     3.8082
   40.2500     3.6708     3.5762     3.8082
   40.5000     3.6708     3.5762     3.8082
   40.7500     3.6708     3.5762     3.8082
   41.0000     3.6708     3.5762     3.8082
   41.2500     3.6708     3.5762     3.8082
   41.5000     3.6708     3.5762     3.8082
   41.7500     3.6708     3.5762     3.8082
   42.0000     3.6708     3.5762     3.8082
   42.2500     3.6708     3.5762     3.8082
   42.5000     3.6708     3.5762     3.8082
   42.7500     3.6708     3.5762     3.8082
   43.0000     3.6708     3.5762     3.8082
   43.2500     3.6708     3.5762     3.8082
   43.5000     3.6708     3.5762     3.8082
   43.7500     3.6708     3.5762     3.8082
   44.0000     3.6708     3.5762     3.8082
   44.2500     3.6708     3.5762     3.8082
   44.5000     3.6708     3.5762     3.8082
   44.7500     3.6708     3.5762     3.8082
   45.0000     3.6708     3.5762     3.8082
   45.2500     3.6708     3.5762     3.8082
   45.5000     3.6708     3.5762     3.8082
   45.7500     3.6708     3.5762     3.8082
   46.0000     3.6708     3.5762     3.8082
   46.2500     3.6708     3.5762     3.8082
   46.5000     3.6708     3.5762     3.8082
   46.7500     3.6708     3.5762     3.8082
   47.0000     3.6708     3.5762     3.8082
   47.2500     3.6708     3.5762     3.8082
   47.5000     3.6708     3.5762     3.8082
   47.7500     3.6708     3.5762     3.8082
   48.0000     3.6708     3.5762     3.8082
   48.2500     3.6708     3.5762     3.8082
   48.5000     3.6708     3.5762     3.8082
   48.7500     3.6708     3.5762     3.8082
   49.0000     3.6708     3.5762     3.8082
   49.2500     3.6708     3.5762     3.8082
   49.5000     3.6708     3.5762     3.8082
   49.7500     3.6708     3.5762     3.8082
   50.0000     3.6708     3.5762     3.8082
   50.2500     3.6708     3.5762     3.8082
   50.5000     3.6708     3.5762     3.8082
   50.7500     3.6708     3.5762     3.8082
   51.0000     3.6708     3.5762     3.8082
   51.2500     3.6708     3.5762     3.8082
   51.5000     3.6708     3.5762     3.8082
   51.7500     3.6708     3.5762     3.8082
   52.0000     3.6708     3.5762     3.8082
   52.2500     3.6708     3.5762     3.8082
   52.5000     3.6708     3.5762     3.8082
   52.7500     3.6708     3.5762     3.8082
   53.0000     3.6708     3.5762     3.8082
   53.2500     3.6708     3.5762     3.8082
   53.5000     3.6708     3.5762     3.8082
   53.7500     3.6708     3.5762     3.8082
   54.0000     3.6708     3.5762     3.8082
   54.2500     3.6708     3.5762     3.8082
   54.5000     3.6708     3.5762     3.8082
   54.7500     3.6708     3.5762     3.8082
   55.0000     3.6708     3.5762     3.8082
   55.2500     3.6708     3.5762     3.8082
   55.5000     3.6708     3.5762     3.8082
   55.7500     3.6708     3.5762     3.8082
   56.0000     3.6708     3.5762     3.8082
   56.2500     3.6708     3.5762     3.8082
   56.5000     3.6708     3.5762     3.8082
   56.7500     3.6708     3.5762     3.8082
   57.0000     3.6708     3.5762     3.8082
   57.2500     3.6708     3.5762     3.8082
   57.5000     3.6708     3.5762     3.8082
   57.7500     3.6708     3.5762     3.8082
   58.0000     3.6708     3.5762     3.8082
   58.2500     3.6708     3.5762     3.8082
   58.5000     3.6708     3.5762     3.8082
   58.7500     3.6708     3.5762     3.8082
   59.0000     3.6709     3.5762     3.8082
   59.2500     3.7375     3.5762     4.1246
   59.5000     3.7375     3.5762     4.1246
   59.7500     4.0562     3.5851     4.1788
   60.0000     4.0948     3.6065     4.3724
