# depth_km vs_median_km_s vs_p16 vs_p84
    0.0000     1.9530     1.9498     1.9575
    0.2500     1.9530     1.9498     1.9575
    0.5000     1.9530     1.9498     1.9575
    0.7500     1.9530     1.9498     1.9575
    1.0000     1.9530     1.9498     1.9575
    1.2500     1.9530     1.9498     1.9575
    1.5000     1.9530     1.9498     1.9575
    1.7500     1.9530     1.9498     1.9575
    2.0000     1.9530     1.9498     1.9575
    2.2500     2.2843     2.1600     2.3106
    2.5000     2.2843     2.1600     2.3106
    2.7500     2.2843     2.1600     2.3106
    3.0000     2.2843     2.1600     2.3106
    3.2500     2.2843     2.1600     2.3106
    3.5000     2.2843     2.1600     2.3106
    3.7500     2.2843     2.1600     2.3106
    4.0000     2.2843     2.1600     2.3106
    4.2500     2.2843     2.1600     2.3106
    4.5000     2.2843     2.1600     2.3106
    4.7500     2.2843     2.1600     2.3106
    5.0000     2.2843     2.1600     2.3106
    5.2500     2.2843     2.1600     2.3106
    5.5000     2.2843     2.1600     2.3106
    5.7500     2.2843     2.1600     2.3106
    6.0000     2.3143     2.1659     2.5518
    6.2500     2.5035     2.3130     2.5647
    6.5000     2.5076     2.3870     2.5647
    6.7500     2.5076     2.3870     2.5647
    7.0000     2.5076     2.3870     2.5647
    7.2500     2.5076     2.3870     2.5647
    7.5000     2.5076     2.3870     2.5647
    7.7500     2.5076     2.3870     2.5647
    8.0000     2.5076     2.3870     2.5647
    8.2500     2.5076     2.3870     2.5647
    8.5000     2.5076     2.3870     2.5647
    8.7500     2.5076     2.3870     2.5647
    9.0000     2.5076     2.3870     2.5647
    9.2500     2.5076     2.3870     2.5647
    9.5000     2.5076     2.3870     2.5647
    9.7500     2.5076     2.3870     2.5647
   10.0000     2.5076     2.3870     2.5647
   10.2500     2.5076     2.3870     2.5647
   10.5000     2.5076     2.3870     2.5647
   10.7500     2.5076     2.3870     2.5647
   11.0000     2.5076     2.3870     2.5647
   11.2500     2.5076     2.3870     2.5647
   11.5000     2.5076     2.3870     2.5647
   11.7500     2.5076     2.3870     2.5650
   12.0000     2.7675     2.3870     2.9133
   12.2500     2.7988     2.6703     2.9133
   12.5000     2.7988     2.6703     2.9133
   12.7500     2.7988     2.6703     2.9133
   13.0000     2.7988     2.6703     2.9133
   13.2500     2.7988     2.6703     2.9133
   13.5000     2.7988     2.6703     2.9133
   13.7500     2.7988     2.6703     2.9133
   14.0000     2.7988     2.6703     2.9133
   14.2500     2.7988     2.6703     2.9133
   14.5000     2.7988     2.6703     2.9133
   14.7500     2.7988     2.6703     2.9133
   15.0000     2.7988     2.6703     2.9133
   15.2500     2.7988     2.6703     2.9133
   15.5000     2.7988     2.6703     2.9133
   15.7500     2.7988     2.6703     2.9133
   16.0000     2.7988     2.6703     2.9133
   16.2500     2.7988     2.6703     2.9133
   16.5000     2.7988     2.6703     2.9133
   16.7500     2.7988     2.6703     2.9133
   17.0000     2.7988     2.6703     2.9133
   17.2500     2.7988     2.6703     2.9133
   17.5000     2.7988     2.6703     2.9133
   17.7500     2.7988     2.6703     2.9133
   18.0000     2.7988     2.6703     2.9133
   18.2500     2.7988     2.6703     2.9133
   18.5000     2.7988     2.6703     2.9133
   18.7500     2.7988     2.6703     2.9133
   19.0000     2.7988     2.6703     2.9133
   19.2500     2.7988     2.6703     2.9133
   19.5000     2.8037     2.6703     2.9571
   19.7500     2.8037     2.6703     2.9660
   20.0000     2.8866     2.6703     3.0625
   20.2500     2.9303     2.7603     3.0933
   20.5000     2.9551     2.7996     3.0933
   20.7500     2.9551     2.7996     3.0933
   21.0000     2.9551     2.7996     3.0933
   21.2500     2.9551     2.7996     3.0933
   21.5000     2.9551     2.7996     3.0933
   21.7500     2.9551     2.7996     3.0933
   22.0000     2.9551     2.7996     3.0933
   22.2500     2.9551     2.7996     3.0933
   22.5000     2.9551     2.7996     3.0933
   22.7500     2.9551     2.7996     3.0933
   23.0000     2.9551     2.7996     3.0933
   23.2500     2.9551     2.7996     3.0933
   23.5000     2.9551     2.7996     3.0933
   23.7500     2.9551     2.7996     3.0933
   24.0000     2.9551     2.7996     3.0933
   24.2500     2.9551     2.7996     3.0933
   24.5000     2.9551     2.7996     3.0933
   24.7500     2.9551     2.7996     3.0933
   25.0000     2.9551     2.7996     3.0933
   25.2500     2.9551     2.7996     3.0933
   25.5000     2.9551     2.7996     3.0933
   25.7500     2.9551     2.7996     3.0933
   26.0000     2.9551     2.7996     3.0933
   26.2500     2.9551     2.7996     3.0933
   26.5000     2.9551     2.7996     3.0933
   26.7500     2.9551     2.7996     3.0933
   27.0000     2.9551     2.7996     3.0933
   27.2500     2.9551     2.7996     3.0933
   27.5000     2.9551     2.7996     3.0933
   27.7500     2.9551     2.7996     3.0933
   28.0000     2.9551     2.7996     3.0933
   28.2500     2.9551     2.7996     3.0933
   28.5000     2.9551     2.7996     3.0933
   28.7500     2.9551     2.7996     3.0933
   29.0000     2.9551     2.7996     3.0933
   29.2500     2.9641     2.7996     3.0933
   29.5000     2.9801     2.7996     3.1538
   29.7500     3.0255     2.7996     3.2083
   30.0000     3.0299     2.7996     3.2639
   30.2500     3.0504     2.8376     3.2639
   30.5000     3.0878     2.9172     3.2710
   30.7500     3.0878     2.9172     3.2710
   31.0000     3.0878     2.9172     3.2710
   31.2500     3.0878     2.9172     3.2710
   31.5000     3.0878     2.9172     3.2710
   31.7500     3.0878     2.9172     3.2710
   32.0000     3.0878     2.9172     3.2710
   32.2500     3.0878     2.9172     3.2710
   32.5000     3.0878     2.9172     3.2710
   32.7500     3.0878     2.9172     3.2710
   33.0000     3.0878     2.9172     3.2710
   33.2500     3.0878     2.9172     3.2710
   33.5000     3.0878     2.9172     3.2710
   33.7500     3.0878     2.9172     3.2710
   34.0000     3.0878     2.9172     3.2710
   34.2500     3.0878     2.9172     3.2710
   34.5000     3.0878     2.9172     3.2710
   34.7500     3.0878     2.9172     3.2710
   35.0000     3.0878     2.9172     3.2710
   35.2500     3.0878     2.9172     3.2710
   35.5000     3.0878     2.9172     3.2710
   35.7500     3.0878     2.9172     3.2710
   36.0000     3.0878     2.9172     3.2710
   36.2500     3.0878     2.9172     3.2710
   36.5000     3.0878     2.9172     3.2710
   36.7500     3.0878     2.9172     3.2710
   37.0000     3.0878     2.9172     3.2710
   37.2500     3.0878     2.9172     3.2710
   37.5000     3.0878     2.9172     3.2710
   37.7500     3.0878     2.9172     3.2710
   38.0000     3.0878     2.9172     3.2710
   38.2500     3.0878     2.9172     3.2710
   38.5000     3.0878     2.9172     3.2710
   38.7500     3.0878     2.9172     3.2710
   39.0000     3.0878     2.9172     3.2710
   39.2500     3.0878     2.9172     3.2710
   39.5000     3.0878     2.9172     3.2710
   39.7500     3.0878     2.9172     3.2710
   40.0000     3.0878     2.9172     3.2710
   40.2500     3.0878     2.9172     3.2710
   40.5000     3.0878     2.9172     3.2710
   40.7500     3.0878     2.9172     3.2710
   41.0000     3.0878     2.9172     3.2710
   41.2500     3.0878     2.9172     3.2710
   41.5000     3.0878     2.9172     3.2710
   41.7500     3.0878     2.9172     3.2710
   42.0000     3.0878     2.9172     3.2710
   42.2500     3.0878     2.9172     3.2710
   42.5000     3.0878     2.9172     3.2710
   42.7500     3.0878     2.9172     3.2710
   43.0000     3.0878     2.9172     3.2710
   43.2500     3.0878     2.9172     3.2710
   43.5000     3.0878     2.9172     3.2710
   43.7500     3.0878     2.9172     3.2710
   44.0000     3.0878     2.9172     3.2710
   44.2500     3.0878     2.9172     3.2710
   44.5000     3.0878     2.9172     3.2710
   44.7500     3.0878     2.9172     3.2710
   45.0000     3.0878     2.9172     3.2710
   45.2500     3.0878     2.9172     3.2710
   45.5000     3.0878     2.9172     3.2710
   45.7500     3.0878     2.9172     3.2710
   46.0000     3.0878     2.9172     3.2710
   46.2500     3.0878     2.9172     3.2710
   46.5000     3.0878     2.9172     3.2710
   46.7500     3.0878     2.9172     3.2710
   47.0000     3.0878     2.9172     3.2710
   47.2500     3.0878     2.9172     3.2710
   47.5000     3.0878     2.9172     3.2710
   47.7500     3.0878     2.9172     3.2710
   48.0000     3.0878     2.9172     3.2710
   48.2500     3.0878     2.9172     3.2710
   48.5000     3.0878     2.9172     3.2710
   48.7500     3.0878     2.9172     3.2710
   49.0000     3.0878     2.9172     3.2710
   49.2500     3.0878     2.9172     3.2710
   49.5000     3.0878     2.9172     3.2710
   49.7500     3.0878     2.9172     3.2710
   50.0000     3.0878     2.9172     3.2710
   50.2500     3.0878     2.9172     3.2710
   50.5000     3.0878     2.9172     3.2710
   50.7500     3.0878     2.9172     3.2710
   51.0000     3.0878     2.9172     3.2710
   51.2500     3.0878     2.9172     3.2710
   51.5000     3.0878     2.9172     3.2710
   51.7500     3.0878     2.9172     3.2710
   52.0000     3.0878     2.9172     3.2710
   52.2500     3.0878     2.9172     3.2710
   52.5000     3.0878     2.9172     3.2710
   52.7500     3.0878     2.9172     3.2710
   53.0000     3.0878     2.9172     3.2710
   53.2500     3.0878     2.9172     3.2710
   53.5000     3.0878     2.9172     3.2710
   53.7500     3.0878     2.9172     3.2710
   54.0000     3.0878     2.9172     3.2710
   54.2500     3.0878     2.9172     3.2710
   54.5000     3.0878     2.9172     3.2710
   54.7500     3.0878     2.9172     3.2710
   55.0000     3.0878     2.9172     3.2710
   55.2500     3.0878     2.9172     3.2710
   55.5000     3.0878     2.9172     3.2710
   55.7500     3.0878     2.9172     3.2710
   56.0000     3.0878     2.9172     3.2710
   56.2500     3.0878     2.9172     3.2710
   56.5000     3.0878     2.9172     3.2710
   56.7500     3.0878     2.9172     3.2710
   57.0000     3.0878     2.9172     3.2710
   57.2500     3.0878     2.9172     3.2710
   57.5000     3.0878     2.9172     3.2710
   57.7500     3.0878     2.9172     3.2710
   58.0000     3.0878     2.9172     3.2710
   58.2500     3.0878     2.9172     3.2710
   58.5000     3.0878     2.9172     3.2710
   58.7500     3.1043     2.9172     3.2826
   59.0000     3.1080     2.9186     3.3198
   59.2500     3.1606     2.9487     3.3950
   59.5000     3.1863     2.9487     3.4128
   59.7500     3.2161     2.9584     3.4128
   60.0000     3.2169     3.0105     3.4128
