# depth_km vs_median_km_s vs_p16 vs_p84
    0.0000     2.0437     2.0411     2.0469
    0.2500     2.0437     2.0411     2.0469
    0.5000     2.0437     2.0411     2.0469
    0.7500     2.0437     2.0411     2.0469
    1.0000     2.0437     2.0411     2.0469
    1.2500     2.0437     2.0411     2.0469
    1.5000     2.0437     2.0411     2.0469
    1.7500     2.0437     2.0411     2.0469
    2.0000     1.8517     1.8494     1.8540
    2.2500     1.8516     1.8494     1.8539
    2.5000     1.8516     1.8494     1.8539
    2.7500     1.8516     1.8494     1.8539
    3.0000     1.8516     1.8494     1.8539
    3.2500     1.8516     1.8494     1.8539
    3.5000     1.8516     1.8494     1.8539
    3.7500     1.8516     1.8494     1.8539
    4.0000     1.8516     1.8494     1.8539
    4.2500     1.8516     1.8494     1.8539
    4.5000     1.8516     1.8494     1.8539
    4.7500     1.8516     1.8494     1.8539
    5.0000     1.8516     1.8494     1.8539
    5.2500     1.8516     1.8494     1.8539
    5.5000     1.8516     1.8494     1.8539
    5.7500     1.8524     1.8499     2.3967
    6.0000     2.3936     1.8548     2.6000
    6.2500     2.4135     2.2382     2.6000
    6.5000     2.4135     2.2382     2.6000
    6.7500     2.4135     2.2382     2.6000
    7.0000     2.4135     2.2382     2.6000
    7.2500     2.4135     2.2382     2.6000
    7.5000     2.4135     2.2382     2.6000
    7.7500     2.4135     2.2382     2.6000
    8.0000     2.4135     2.2382     2.6000
    8.2500     2.4135     2.2382     2.6000
    8.5000     2.4135     2.2382     2.6000
    8.7500     2.4135     2.2382     2.6000
    9.0000     2.4135     2.2382     2.6000
    9.2500     2.4135     2.2382     2.6000
    9.5000     2.4135     2.2382     2.6000
    9.7500     2.4135     2.2382     2.6000
   10.0000     2.4135     2.2382     2.6000
   10.2500     2.4135     2.2382     2.6000
   10.5000     2.4135     2.2382     2.6000
   10.7500     2.4135     2.2382     2.6000
   11.0000     2.4135     2.2382     2.6000
   11.2500     2.4135     2.2382     2.6000
   11.5000     2.4135     2.2382     2.6000
   11.7500     2.4153     2.2382     2.8021
   12.0000     2.8127     2.4254     2.9433
   12.2500     2.8384     2.7785     2.9433
   12.5000     2.8384     2.7785     2.9433
   12.7500     2.8384     2.7785     2.9433
   13.0000     2.8384     2.7785     2.9433
   13.2500     2.8384     2.7785     2.9433
   13.5000     2.8384     2.7785     2.9433
   13.7500     2.8384     2.7785     2.9433
   14.0000     2.8384     2.7785     2.9433
   14.2500     2.8384     2.7785     2.9433
   14.5000     2.8384     2.7785     2.9433
   14.7500     2.8384     2.7785     2.9433
   15.0000     2.8384     2.7785     2.9433
   15.2500     2.8384     2.7785     2.9433
   15.5000     2.8384     2.7785     2.9433
   15.7500     2.8384     2.7785     2.9433
   16.0000     2.8384     2.7785     2.9433
   16.2500     2.8384     2.7785     2.9433
   16.5000     2.8384     2.7785     2.9433
   16.7500     2.8384     2.7785     2.9433
   17.0000     2.8384     2.7785     2.9433
   17.2500     2.8384     2.7785     2.9433
   17.5000     2.8384     2.7785     2.9433
   17.7500     2.8384     2.7785     2.9433
   18.0000     2.8384     2.7785     2.9433
   18.2500     2.8384     2.7785     2.9433
   18.5000     2.8384     2.7785     2.9433
   18.7500     2.8384     2.7785     2.9433
   19.0000     2.8384     2.7785     2.9433
   19.2500     2.8384     2.7785     2.9433
   19.5000     2.8515     2.7785     2.9966
   19.7500     2.9042     2.7785     3.2913
   20.0000     3.0698     2.7799     3.2913
   20.2500     3.0698     2.9866     3.2913
   20.5000     3.0698     2.9876     3.2913
   20.7500     3.0698     2.9876     3.2913
   21.0000     3.0698     2.9876     3.2913
   21.2500     3.0698     2.9876     3.2913
   21.5000     3.0698     2.9876     3.2913
   21.7500     3.0698     2.9876     3.2913
   22.0000     3.0698     2.9876     3.2913
   22.2500     3.0698     2.9876     3.2913
   22.5000     3.0698     2.9876     3.2913
   22.7500     3.0698     2.9876     3.2913
   23.0000     3.0698     2.9876     3.2913
   23.2500     3.0698     2.9876     3.2913
   23.5000     3.0698     2.9876     3.2913
   23.7500     3.0698     2.9876     3.2913
   24.0000     3.0698     2.9876     3.2913
   24.2500     3.0698     2.9876     3.2913
   24.5000     3.0698     2.9876     3.2913
   24.7500     3.0698     2.9876     3.2913
   25.0000     3.0698     2.9876     3.2913
   25.2500     3.0698     2.9876     3.2913
   25.5000     3.0698     2.9876     3.2913
   25.7500     3.0698     2.9876     3.2913
   26.0000     3.0698     2.9876     3.2913
   26.2500     3.0698     2.9876     3.2913
   26.5000     3.0698     2.9876     3.2913
   26.7500     3.0698     2.9876     3.2913
   27.0000     3.0698     2.9876     3.2913
   27.2500     3.0698     2.9876     3.2913
   27.5000     3.0698     2.9876     3.2913
   27.7500     3.0698     2.9876     3.2913
   28.0000     3.0698     2.9876     3.2913
   28.2500     3.0698     2.9876     3.2913
   28.5000     3.0698     2.9876     3.2913
   28.7500     3.0698     2.9876     3.2913
   29.0000     3.0698     2.9876     3.2913
   29.2500     3.0698     2.9876     3.2913
   29.5000     3.0698     2.9876     3.7855
   29.7500     3.0705     2.9876     3.7911
   30.0000     3.6751     2.9876     3.7914
   30.2500     3.7182     3.5258     3.8100
   30.5000     3.7182     3.5258     3.8100
   30.7500     3.7182     3.5258     3.8100
   31.0000     3.7182     3.5258     3.8100
   31.2500     3.7182     3.5258     3.8100
   31.5000     3.7182     3.5258     3.8100
   31.7500     3.7182     3.5258     3.8100
   32.0000     3.7182     3.5258     3.8100
   32.2500     3.7182     3.5258     3.8100
   32.5000     3.7182     3.5258     3.8100
   32.7500     3.7182     3.5258     3.8100
   33.0000     3.7182     3.5258     3.8100
   33.2500     3.7182     3.5258     3.8100
   33.5000     3.7182     3.5258     3.8100
   33.7500     3.7182     3.5258     3.8100
   34.0000     3.7182     3.5258     3.8100
   34.2500     3.7182     3.5258     3.8100
   34.5000     3.7182     3.5258     3.8100
   34.7500     3.7182     3.5258     3.8100
   35.0000     3.7182     3.5258     3.8100
   35.2500     3.7182     3.5258     3.8100
   35.5000     3.7182     3.5258     3.8100
   35.7500     3.7182     3.5258     3.8100
   36.0000     3.7182     3.5258     3.8100
   36.2500     3.7182     3.5258     3.8100
   36.5000     3.7182     3.5258     3.8100
   36.7500     3.7182     3.5258     3.8100
   37.0000     3.7182     3.5258     3.8100
   37.2500     3.7182     3.5258     3.8100
   37.5000     3.7182     3.5258     3.8100
   37.7500     3.7182     3.5258     3.8100
   38.0000     3.7182     3.5258     3.8100
   38.2500     3.7182     3.5258     3.8100
   38.5000     3.7182     3.5258     3.8100
   38.7500     3.7182     3.5258     3.8100
   39.0000     3.7182     3.5258     3.8100
   39.2500     3.7182     3.5258     3.8100
   39.5000     3.7182     3.5258     3.8100
   39.7500     3.7182     3.5258     3.8100
   40.0000     3.7182     3.5258     3.8100
   40.2500     3.7182     3.5258     3.8100
   40.5000     3.7182     3.5258     3.8100
   40.7500     3.7182     3.5258     3.8100
   41.0000     3.7182     3.5258     3.8100
   41.2500     3.7182     3.5258     3.8100
   41.5000     3.7182     3.5258     3.8100
   41.7500     3.7182     3.5258     3.8100
   42.0000     3.7182     3.5258     3.8100
   42.2500     3.7182     3.5258     3.8100
   42.5000     3.7182     3.5258     3.8100
   42.7500     3.7182     3.5258     3.8100
   43.0000     3.7182     3.5258     3.8100
   43.2500     3.7182     3.5258     3.8100
   43.5000     3.7182     3.5258     3.8100
   43.7500     3.7182     3.5258     3.8100
   44.0000     3.7182     3.5258     3.8100
   44.2500     3.7182     3.5258     3.8100
   44.5000     3.7182     3.5258     3.8100
   44.7500     3.7182     3.5258     3.8100
   45.0000     3.7182     3.5258     3.8100
   45.2500     3.7182     3.5258     3.8100
   45.5000     3.7182     3.5258     3.8100
   45.7500     3.7182     3.5258     3.8100
   46.0000     3.7182     3.5258     3.8100
   46.2500     3.7182     3.5258     3.8100
   46.5000     3.7182     3.5258     3.8100
   46.7500     3.7182     3.5258     3.8100
   47.0000     3.7182     3.5258     3.8100
   47.2500     3.7182     3.5258     3.8100
   47.5000     3.7182     3.5258     3.8100
   47.7500     3.7182     3.5258     3.8100
   48.0000     3.7182     3.5258     3.8100
   48.2500     3.7182     3.5258     3.8100
   48.5000     3.7182     3.5258     3.8100
   48.7500     3.7182     3.5258     3.8100
   49.0000     3.7182     3.5258     3.8100
   49.2500     3.7182     3.5258     3.8100
   49.5000     3.7182     3.5258     3.8100
   49.7500     3.7182     3.5258     3.8100
   50.0000     3.7182     3.5258     3.8100
   50.2500     3.7182     3.5258     3.8100
   50.5000     3.7182     3.5258     3.8100
   50.7500     3.7182     3.5258     3.8100
   51.0000     3.7182     3.5258     3.8100
   51.2500     3.7182     3.5258     3.8100
   51.5000     3.7182     3.5258     3.8100
   51.7500     3.7182     3.5258     3.8100
   52.0000     3.7182     3.5258     3.8100
   52.2500     3.7182     3.5258     3.8100
   52.5000     3.7182     3.5258     3.8100
   52.7500     3.7182     3.5258     3.8100
   53.0000     3.7182     3.5258     3.8100
   53.2500     3.7182     3.5258     3.8100
   53.5000     3.7182     3.5258     3.8100
   53.7500     3.7182     3.5258     3.8100
   54.0000     3.7182     3.5258     3.8100
   54.2500     3.7182     3.5258     3.8100
   54.5000     3.7182     3.5258     3.8100
   54.7500     3.7182     3.5258     3.8100
   55.0000     3.7182     3.5258     3.8100
   55.2500     3.7182     3.5258     3.8100
   55.5000     3.7182     3.5258     3.8100
   55.7500     3.7182     3.5258     3.8100
   56.0000     3.7182     3.5258     3.8100
   56.2500     3.7182     3.5258     3.8100
   56.5000     3.7182     3.5258     3.8100
   56.7500     3.7182     3.5258     3.8100
   57.0000     3.7182     3.5258     3.8100
   57.2500     3.7182     3.5258     3.8100
   57.5000     3.7182     3.5258     3.8100
   57.7500     3.7182     3.5258     3.8100
   58.0000     3.7182     3.5258     3.8100
   58.2500     3.7182     3.5258     3.8100
   58.5000     3.7182     3.5258     3.8100
   58.7500     3.7182     3.5258     3.8100
   59.0000     3.7586     3.5258     3.8385
   59.2500     3.7772     3.5258     4.1010
   59.5000     3.8448     3.5258     4.1261
   59.7500     4.0859     3.6147     4.3866
   60.0000     4.1155     3.6706     4.3866
