# depth_km vs_median_km_s vs_p16 vs_p84
    0.0000     1.8444     1.8426     1.8464
    0.2500     1.8444     1.8426     1.8464
    0.5000     1.8444     1.8426     1.8464
    0.7500     1.8444     1.8426     1.8464
    1.0000     1.8444     1.8426     1.8464
    1.2500     1.8444     1.8426     1.8464
    1.5000     1.8444     1.8426     1.8464
    1.7500     1.8444     1.8426     1.8464
    2.0000     2.5416     2.5259     2.5537
    2.2500     2.5416     2.5259     2.5537
    2.5000     2.5416     2.5259     2.5537
    2.7500     2.5416     2.5259     2.5537
    3.0000     2.5416     2.5259     2.5537
    3.2500     2.5416     2.5259     2.5537
    3.5000     2.5416     2.5259     2.5537
    3.7500     2.5416     2.5259     2.5537
    4.0000     2.5416     2.5259     2.5537
    4.2500     2.5416     2.5259     2.5537
    4.5000     2.5416     2.5259     2.5537
    4.7500     2.5416     2.5259     2.5537
    5.0000     2.5416     2.5259     2.5537
    5.2500     2.5416     2.5259     2.5537
    5.5000     2.5416     2.5259     2.5537
    5.7500     2.5445     2.5299     2.5681
    6.0000     2.6751     2.5699     2.6980
    6.2500     2.6829     2.6618     2.7008
    6.5000     2.6829     2.6618     2.7008
    6.7500     2.6829     2.6618     2.7008
    7.0000     2.6829     2.6618     2.7008
    7.2500     2.6829     2.6618     2.7008
    7.5000     2.6829     2.6618     2.7008
    7.7500     2.6829     2.6618     2.7008
    8.0000     2.6829     2.6618     2.7008
    8.2500     2.6829     2.6618     2.7008
    8.5000     2.6829     2.6618     2.7008
    8.7500     2.6829     2.6618     2.7008
    9.0000     2.6829     2.6618     2.7008
    9.2500     2.6829     2.6618     2.7008
    9.5000     2.6829     2.6618     2.7008
    9.7500     2.6829     2.6618     2.7008
   10.0000     2.6829     2.6618     2.7008
   10.2500     2.6829     2.6618     2.7008
   10.5000     2.6829     2.6618     2.7008
   10.7500     2.6829     2.6618     2.7008
   11.0000     2.6829     2.6618     2.7008
   11.2500     2.6829     2.6618     2.7008
   11.5000     2.6829     2.6618     2.7008
   11.7500     2.6918     2.6629     2.9800
   12.0000     2.9779     2.7066     3.0101
   12.2500     2.9780     2.9350     3.0101
   12.5000     2.9780     2.9350     3.0101
   12.7500     2.9780     2.9350     3.0101
   13.0000     2.9780     2.9350     3.0101
   13.2500     2.9780     2.9350     3.0101
   13.5000     2.9780     2.9350     3.0101
   13.7500     2.9780     2.9350     3.0101
   14.0000     2.9780     2.9350     3.0101
   14.2500     2.9780     2.9350     3.0101
   14.5000     2.9780     2.9350     3.0101
   14.7500     2.9780     2.9350     3.0101
   15.0000     2.9780     2.9350     3.0101
   15.2500     2.9780     2.9350     3.0101
   15.5000     2.9780     2.9350     3.0101
   15.7500     2.9780     2.9350     3.0101
   16.0000     2.9780     2.9350     3.0101
   16.2500     2.9780     2.9350     3.0101
   16.5000     2.9780     2.9350     3.0101
   16.7500     2.9780     2.9350     3.0101
   17.0000     2.9780     2.9350     3.0101
   17.2500     2.9780     2.9350     3.0101
   17.5000     2.9780     2.9350     3.0101
   17.7500     2.9780     2.9350     3.0101
   18.0000     2.9780     2.9350     3.0101
   18.2500     2.9780     2.9350     3.0101
   18.5000     2.9780     2.9350     3.0101
   18.7500     2.9780     2.9350     3.0101
   19.0000     2.9780     2.9350     3.0101
   19.2500     2.9780     2.9350     3.0101
   19.5000     2.9808     2.9350     3.0200
   19.7500     2.9883     2.9376     3.0677
   20.0000     3.0702     2.9393     3.1758
   20.2500     3.1056     2.9968     3.1915
   20.5000     3.1106     3.0114     3.1962
   20.7500     3.1106     3.0114     3.1962
   21.0000     3.1106     3.0114     3.1962
   21.2500     3.1106     3.0114     3.1962
   21.5000     3.1106     3.0114     3.1962
   21.7500     3.1106     3.0114     3.1962
   22.0000     3.1106     3.0114     3.1962
   22.2500     3.1106     3.0114     3.1962
   22.5000     3.1106     3.0114     3.1962
   22.7500     3.1106     3.0114     3.1962
   23.0000     3.1106     3.0114     3.1962
   23.2500     3.1106     3.0114     3.1962
   23.5000     3.1106     3.0114     3.1962
   23.7500     3.1106     3.0114     3.1962
   24.0000     3.1106     3.0114     3.1962
   24.2500     3.1106     3.0114     3.1962
   24.5000     3.1106     3.0114     3.1962
   24.7500     3.1106     3.0114     3.1962
   25.0000     3.1106     3.0114     3.1962
   25.2500     3.1106     3.0114     3.1962
   25.5000     3.1106     3.0114     3.1962
   25.7500     3.1106     3.0114     3.1962
   26.0000     3.1106     3.0114     3.1962
   26.2500     3.1106     3.0114     3.1962
   26.5000     3.1106     3.0114     3.1962
   26.7500     3.1106     3.0114     3.1962
   27.0000     3.1106     3.0114     3.1962
   27.2500     3.1106     3.0114     3.1962
   27.5000     3.1106     3.0114     3.1962
   27.7500     3.1106     3.0114     3.1962
   28.0000     3.1106     3.0114     3.1962
   28.2500     3.1106     3.0114     3.1962
   28.5000     3.1106     3.0114     3.1962
   28.7500     3.1106     3.0114     3.1962
   29.0000     3.1106     3.0114     3.1962
   29.2500     3.1106     3.0114     3.1962
   29.5000     3.1244     3.0114     3.1981
   29.7500     3.1416     3.0114     3.2597
   30.0000     3.1613     3.0114     3.2920
   30.2500     3.1936     3.0980     3.3485
   30.5000     3.2096     3.1271     3.3696
   30.7500     3.2096     3.1271     3.3696
   31.0000     3.2096     3.1271     3.3696
   31.2500     3.2096     3.1271     3.3696
   31.5000     3.2096     3.1271     3.3696
   31.7500     3.2096     3.1271     3.3696
   32.0000     3.2096     3.1271     3.3696
   32.2500     3.2096     3.1271     3.3696
   32.5000     3.2096     3.1271     3.3696
   32.7500     3.2096     3.1271     3.3696
   33.0000     3.2096     3.1271     3.3696
   33.2500     3.2096     3.1271     3.3696
   33.5000     3.2096     3.1271     3.3696
   33.7500     3.2096     3.1271     3.3696
   34.0000     3.2096     3.1271     3.3696
   34.2500     3.2096     3.1271     3.3696
   34.5000     3.2096     3.1271     3.3696
   34.7500     3.2096     3.1271     3.3696
   35.0000     3.2096     3.1271     3.3696
   35.2500     3.2096     3.1271     3.3696
   35.5000     3.2096     3.1271     3.3696
   35.7500     3.2096     3.1271     3.3696
   36.0000     3.2096     3.1271     3.3696
   36.2500     3.2096     3.1271     3.3696
   36.5000     3.2096     3.1271     3.3696
   36.7500     3.2096     3.1271     3.3696
   37.0000     3.2096     3.1271     3.3696
   37.2500     3.2096     3.1271     3.3696
   37.5000     3.2096     3.1271     3.3696
   37.7500     3.2096     3.1271     3.3696
   38.0000     3.2096     3.1271     3.3696
   38.2500     3.2096     3.1271     3.3696
   38.5000     3.2096     3.1271     3.3696
   38.7500     3.2096     3.1271     3.3696
   39.0000     3.2096     3.1271     3.3696
   39.2500     3.2096     3.1271     3.3696
   39.5000     3.2096     3.1271     3.3696
   39.7500     3.2096     3.1271     3.3696
   40.0000     3.2096     3.1271     3.3696
   40.2500     3.2096     3.1271     3.3696
   40.5000     3.2096     3.1271     3.3696
   40.7500     3.2096     3.1271     3.3696
   41.0000     3.2096     3.1271     3.3696
   41.2500     3.2096     3.1271     3.3696
   41.5000     3.2096     3.1271     3.3696
   41.7500     3.2096     3.1271     3.3696
   42.0000     3.2096     3.1271     3.3696
   42.2500     3.2096     3.1271     3.3696
   42.5000     3.2096     3.1271     3.3696
   42.7500     3.2096     3.1271     3.3696
   43.0000     3.2096     3.1271     3.3696
   43.2500     3.2096     3.1271     3.3696
   43.5000     3.2096     3.1271     3.3696
   43.7500     3.2096     3.1271     3.3696
   44.0000     3.2096     3.1271     3.3696
   44.2500     3.2096     3.1271     3.3696
   44.5000     3.2096     3.1271     3.3696
   44.7500     3.2096     3.1271     3.3696
   45.0000     3.2096     3.1271     3.3696
   45.2500     3.2096     3.1271     3.3696
   45.5000     3.2096     3.1271     3.3696
   45.7500     3.2096     3.1271     3.3696
   46.0000     3.2096     3.1271     3.3696
   46.2500     3.2096     3.1271     3.3696
   46.5000     3.2096     3.1271     3.3696
   46.7500     3.2096     3.1271     3.3696
   47.0000     3.2096     3.1271     3.3696
   47.2500     3.2096     3.1271     3.3696
   47.5000     3.2096     3.1271     3.3696
   47.7500     3.2096     3.1271     3.3696
   48.0000     3.2096     3.1271     3.3696
   48.2500     3.2096     3.1271     3.3696
   48.5000     3.2096     3.1271     3.3696
   48.7500     3.2096     3.1271     3.3696
   49.0000     3.2096     3.1271     3.3696
   49.2500     3.2096     3.1271     3.3696
   49.5000     3.2096     3.1271     3.3696
   49.7500     3.2096     3.1271     3.3696
   50.0000     3.2096     3.1271     3.3696
   50.2500     3.2096     3.1271     3.3696
   50.5000     3.2096     3.1271     3.3696
   50.7500     3.2096     3.1271     3.3696
   51.0000     3.2096     3.1271     3.3696
   51.2500     3.2096     3.1271     3.3696
   51.5000     3.2096     3.1271     3.3696
   51.7500     3.2096     3.1271     3.3696
   52.0000     3.2096     3.1271     3.3696
   52.2500     3.2096     3.1271     3.3696
   52.5000     3.2096     3.1271     3.3696
   52.7500     3.2096     3.1271     3.3696
   53.0000     3.2096     3.1271     3.3696
   53.2500     3.2096     3.1271     3.3696
   53.5000     3.2096     3.1271     3.3696
   53.7500     3.2096     3.1271     3.3696
   54.0000     3.2096     3.1271     3.3696
   54.2500     3.2096     3.1271     3.3696
   54.5000     3.2096     3.1271     3.3696
   54.7500     3.2096     3.1271     3.3696
   55.0000     3.2096     3.1271     3.3696
   55.2500     3.2096     3.1271     3.3696
   55.5000     3.2096     3.1271     3.3696
   55.7500     3.2096     3.1271     3.3696
   56.0000     3.2096     3.1271     3.3696
   56.2500     3.2096     3.1271     3.3696
   56.5000     3.2096     3.1271     3.3696
   56.7500     3.2096     3.1271     3.3696
   57.0000     3.2096     3.1271     3.3696
   57.2500     3.2096     3.1271     3.3696
   57.5000     3.2096     3.1271     3.3696
   57.7500     3.2096     3.1271     3.3696
   58.0000     3.2096     3.1271     3.3696
   58.2500     3.2096     3.1271     3.3696
   58.5000     3.2096     3.1271     3.3696
   58.7500     3.2096     3.1271     3.3696
   59.0000     3.2243     3.1317     3.3860
   59.2500     3.2873     3.1360     3.4266
   59.5000     3.3283     3.1383     3.5238
   59.7500     3.3577     3.1831     3.6022
   60.0000     3.3747     3.2532     3.6434
