# depth_km vs_median_km_s vs_p16 vs_p84
    0.0000     1.8492     1.8386     1.8583
    0.2500     1.8492     1.8386     1.8583
    0.5000     1.8492     1.8386     1.8583
    0.7500     1.8492     1.8386     1.8583
    1.0000     1.8492     1.8386     1.8583
    1.2500     1.8492     1.8386     1.8583
    1.5000     1.8545     1.8452     2.7139
    1.7500     2.8804     2.7638     3.0369
    2.0000     2.8804     2.7638     3.0369
    2.2500     2.8804     2.7638     3.0369
    2.5000     2.8804     2.7638     3.0369
    2.7500     2.8804     2.7638     3.0369
    3.0000     2.8804     2.7638     3.0369
    3.2500     2.8804     2.7638     3.0369
    3.5000     2.8804     2.7638     3.0369
    3.7500     2.8804     2.7638     3.0369
    4.0000     2.8804     2.7638     3.0369
    4.2500     2.8804     2.7638     3.0369
    4.5000     2.8804     2.7638     3.0369
    4.7500     2.8804     2.7638     3.0369
    5.0000     2.8804     2.7638     3.0369
    5.2500     2.8804     2.7638     3.0369
    5.5000     2.8749     2.7173     3.0369
    5.7500     2.5729     2.4954     2.7521
    6.0000     2.5532     2.4925     2.7054
    6.2500     2.5532     2.4925     2.7054
    6.5000     2.5532     2.4925     2.7054
    6.7500     2.5532     2.4925     2.7054
    7.0000     2.5532     2.4925     2.7054
    7.2500     2.5532     2.4925     2.7054
    7.5000     2.5532     2.4925     2.7054
    7.7500     2.5532     2.4925     2.7054
    8.0000     2.5532     2.4925     2.7054
    8.2500     2.5532     2.4925     2.7054
    8.5000     2.5532     2.4925     2.7054
    8.7500     2.5532     2.4925     2.7054
    9.0000     2.5532     2.4925     2.7054
    9.2500     2.5532     2.4925     2.7054
    9.5000     2.5532     2.4925     2.7054
    9.7500     2.5532     2.4925     2.7054
   10.0000     2.5532     2.4925     2.7054
   10.2500     2.5532     2.4925     2.7054
   10.5000     2.5532     2.4925     2.7054
   10.7500     2.5532     2.4925     2.7054
   11.0000     2.5532     2.4925     2.7054
   11.2500     2.5532     2.4925     2.7054
   11.5000     2.6057     2.4929     3.3737
   11.7500     3.2913     3.1467     3.3826
   12.0000     3.2913     3.1722     3.3826
   12.2500     3.2913     3.1722     3.3826
   12.5000     3.2913     3.1722     3.3826
   12.7500     3.2913     3.1722     3.3826
   13.0000     3.2913     3.1722     3.3826
   13.2500     3.2913     3.1722     3.3826
   13.5000     3.2913     3.1722     3.3826
   13.7500     3.2913     3.1722     3.3826
   14.0000     3.2913     3.1722     3.3826
   14.2500     3.2913     3.1722     3.3826
   14.5000     3.2913     3.1722     3.3826
   14.7500     3.2913     3.1722     3.3826
   15.0000     3.2913     3.1722     3.3826
   15.2500     3.2913     3.1722     3.3826
   15.5000     3.2913     3.1722     3.3826
   15.7500     3.2913     3.1722     3.3826
   16.0000     3.2913     3.1722     3.3826
   16.2500     3.2913     3.1722     3.3826
   16.5000     3.2913     3.1722     3.3826
   16.7500     3.2913     3.1722     3.3826
   17.0000     3.2913     3.1722     3.3826
   17.2500     3.2913     3.1722     3.3826
   17.5000     3.2913     3.1722     3.3826
   17.7500     3.2913     3.1722     3.3826
   18.0000     3.2913     3.1722     3.3826
   18.2500     3.2913     3.1722     3.3826
   18.5000     3.2913     3.1722     3.3826
   18.7500     3.2913     3.1722     3.3826
   19.0000     3.2913     3.1722     3.3826
   19.2500     3.3068     3.1722     3.3939
   19.5000     3.3179     3.1999     3.4008
   19.7500     3.3114     3.1944     3.3620
   20.0000     3.3121     3.2076     3.3619
   20.2500     3.3121     3.2076     3.3619
   20.5000     3.3121     3.2076     3.3619
   20.7500     3.3121     3.2076     3.3619
   21.0000     3.3121     3.2076     3.3619
   21.2500     3.3121     3.2076     3.3619
   21.5000     3.3121     3.2076     3.3619
   21.7500     3.3121     3.2076     3.3619
   22.0000     3.3121     3.2076     3.3619
   22.2500     3.3121     3.2076     3.3619
   22.5000     3.3121     3.2076     3.3619
   22.7500     3.3121     3.2076     3.3619
   23.0000     3.3121     3.2076     3.3619
   23.2500     3.3121     3.2076     3.3619
   23.5000     3.3121     3.2076     3.3619
   23.7500     3.3121     3.2076     3.3619
   24.0000     3.3121     3.2076     3.3619
   24.2500     3.3121     3.2076     3.3619
   24.5000     3.3121     3.2076     3.3619
   24.7500     3.3121     3.2076     3.3619
   25.0000     3.3121     3.2076     3.3619
   25.2500     3.3121     3.2076     3.3619
   25.5000     3.3121     3.2076     3.3619
   25.7500     3.3121     3.2076     3.3619
   26.0000     3.3121     3.2076     3.3619
   26.2500     3.3121     3.2076     3.3619
   26.5000     3.3121     3.2076     3.3619
   26.7500     3.3121     3.2076     3.3619
   27.0000     3.3121     3.2076     3.3619
   27.2500     3.3121     3.2076     3.3619
   27.5000     3.3121     3.2076     3.3619
   27.7500     3.3121     3.2076     3.3619
   28.0000     3.3121     3.2076     3.3619
   28.2500     3.3121     3.2076     3.3619
   28.5000     3.3121     3.2076     3.3619
   28.7500     3.3121     3.2076     3.3619
   29.0000     3.3099     3.2076     3.3619
   29.2500     3.3064     3.2076     3.3542
   29.5000     3.3064     3.2076     3.3869
   29.7500     3.2989     3.1311     3.3892
   30.0000     3.2981     3.0940     3.4032
   30.2500     3.2981     3.0940     3.4032
   30.5000     3.2981     3.0940     3.4032
   30.7500     3.2981     3.0940     3.4032
   31.0000     3.2981     3.0940     3.4032
   31.2500     3.2981     3.0940     3.4032
   31.5000     3.2981     3.0940     3.4032
   31.7500     3.2981     3.0940     3.4032
   32.0000     3.2981     3.0940     3.4032
   32.2500     3.2981     3.0940     3.4032
   32.5000     3.2981     3.0940     3.4032
   32.7500     3.2981     3.0940     3.4032
   33.0000     3.2981     3.0940     3.4032
   33.2500     3.2981     3.0940     3.4032
   33.5000     3.2981     3.0940     3.4032
   33.7500     3.2981     3.0940     3.4032
   34.0000     3.2981     3.0940     3.4032
   34.2500     3.2981     3.0940     3.4032
   34.5000     3.2981     3.0940     3.4032
   34.7500     3.2981     3.0940     3.4032
   35.0000     3.2981     3.0940     3.4032
   35.2500     3.2981     3.0940     3.4032
   35.5000     3.2981     3.0940     3.4032
   35.7500     3.2981     3.0940     3.4032
   36.0000     3.2981     3.0940     3.4032
   36.2500     3.2981     3.0940     3.4032
   36.5000     3.2981     3.0940     3.4032
   36.7500     3.2981     3.0940     3.4032
   37.0000     3.2981     3.0940     3.4032
   37.2500     3.2981     3.0940     3.4032
   37.5000     3.2981     3.0940     3.4032
   37.7500     3.2981     3.0940     3.4032
   38.0000     3.2981     3.0940     3.4032
   38.2500     3.2981     3.0940     3.4032
   38.5000     3.2981     3.0940     3.4032
   38.7500     3.2981     3.0940     3.4032
   39.0000     3.2981     3.0940     3.4032
   39.2500     3.2981     3.0940     3.4032
   39.5000     3.2981     3.0940     3.4032
   39.7500     3.2981     3.0940     3.4032
   40.0000     3.2981     3.0940     3.4032
   40.2500     3.2981     3.0940     3.4032
   40.5000     3.2981     3.0940     3.4032
   40.7500     3.2981     3.0940     3.4032
   41.0000     3.2981     3.0940     3.4032
   41.2500     3.2981     3.0940     3.4032
   41.5000     3.2981     3.0940     3.4032
   41.7500     3.2981     3.0940     3.4032
   42.0000     3.2981     3.0940     3.4032
   42.2500     3.2981     3.0940     3.4032
   42.5000     3.2981     3.0940     3.4032
   42.7500     3.2981     3.0940     3.4032
   43.0000     3.2981     3.0940     3.4032
   43.2500     3.2981     3.0940     3.4032
   43.5000     3.2981     3.0940     3.4032
   43.7500     3.2981     3.0940     3.4032
   44.0000     3.2981     3.0940     3.4032
   44.2500     3.2981     3.0940     3.4032
   44.5000     3.2981     3.0940     3.4032
   44.7500     3.2981     3.0940     3.4032
   45.0000     3.2981     3.0940     3.4032
   45.2500     3.2981     3.0940     3.4032
   45.5000     3.2981     3.0940     3.4032
   45.7500     3.2981     3.0940     3.4032
   46.0000     3.2981     3.0940     3.4032
   46.2500     3.2981     3.0940     3.4032
   46.5000     3.2981     3.0940     3.4032
   46.7500     3.2981     3.0940     3.4032
   47.0000     3.2981     3.0940     3.4032
   47.2500     3.2981     3.0940     3.4032
   47.5000     3.2981     3.0940     3.4032
   47.7500     3.2981     3.0940     3.4032
   48.0000     3.2981     3.0940     3.4032
   48.2500     3.2981     3.0940     3.4032
   48.5000     3.2981     3.0940     3.4032
   48.7500     3.2981     3.0940     3.4032
   49.0000     3.2981     3.0940     3.4032
   49.2500     3.2981     3.0940     3.4032
   49.5000     3.2981     3.0940     3.4032
   49.7500     3.2981     3.0940     3.4032
   50.0000     3.2981     3.0940     3.4032
   50.2500     3.2981     3.0940     3.4032
   50.5000     3.2981     3.0940     3.4032
   50.7500     3.2981     3.0940     3.4032
   51.0000     3.2981     3.0940     3.4032
   51.2500     3.2981     3.0940     3.4032
   51.5000     3.2981     3.0940     3.4032
   51.7500     3.2981     3.0940     3.4032
   52.0000     3.2981     3.0940     3.4032
   52.2500     3.2981     3.0940     3.4032
   52.5000     3.2981     3.0940     3.4032
   52.7500     3.2981     3.0940     3.4032
   53.0000     3.2981     3.0940     3.4032
   53.2500     3.2981     3.0940     3.4032
   53.5000     3.2981     3.0940     3.4032
   53.7500     3.2981     3.0940     3.4032
   54.0000     3.2981     3.0940     3.4032
   54.2500     3.2981     3.0940     3.4032
   54.5000     3.2981     3.0940     3.4032
   54.7500     3.2981     3.0940     3.4032
   55.0000     3.2981     3.0940     3.4032
   55.2500     3.2981     3.0940     3.4032
   55.5000     3.2981     3.0940     3.4032
   55.7500     3.2981     3.0940     3.4032
   56.0000     3.2981     3.0940     3.4032
   56.2500     3.2981     3.0940     3.4032
   56.5000     3.2981     3.0940     3.4032
   56.7500     3.2981     3.0940     3.4032
   57.0000     3.2981     3.0940     3.4032
   57.2500     3.2981     3.0940     3.4032
   57.5000     3.2981     3.0940     3.4032
   57.7500     3.2981     3.0940     3.4032
   58.0000     3.2981     3.0940     3.4032
   58.2500     3.2981     3.0940     3.4032
   58.5000     3.3026     3.0940     3.4144
   58.7500     3.3225     3.0940     3.4481
   59.0000     3.3662     3.0940     4.0681
   59.2500     3.4148     3.1112     4.0819
   59.5000     4.0465     3.3303     4.2575
   59.7500     4.0607     3.3770     4.2675
   60.0000     4.1198     4.0375     4.3150
