# depth_km vs_median_km_s vs_p16 vs_p84
    0.0000     1.9660     1.9615     1.9720
    0.2500     1.9660     1.9615     1.9720
    0.5000     1.9660     1.9615     1.9720
    0.7500     1.9660     1.9615     1.9720
    1.0000     1.9660     1.9615     1.9720
    1.2500     1.9660     1.9615     1.9720
    1.5000     1.9660     1.9615     1.9720
    1.7500     1.9660     1.9615     1.9720
    2.0000     2.8240     2.8103     2.8378
    2.2500     2.8240     2.8103     2.8378
    2.5000     2.8240     2.8103     2.8378
    2.7500     2.8240     2.8103     2.8378
    3.0000     2.8240     2.8103     2.8378
    3.2500     2.8240     2.8103     2.8378
    3.5000     2.8240     2.8103     2.8378
    3.7500     2.8240     2.8103     2.8378
    4.0000     2.8240     2.8103     2.8378
    4.2500     2.8240     2.8103     2.8378
    4.5000     2.8240     2.8103     2.8378
    4.7500     2.8240     2.8103     2.8378
    5.0000     2.8240     2.8103     2.8378
    5.2500     2.8240     2.8103     2.8378
    5.5000     2.8240     2.8103     2.8378
    5.7500     2.8281     2.8121     2.8562
    6.0000     2.8663     2.8429     2.8968
    6.2500     2.8698     2.8491     2.8968
    6.5000     2.8698     2.8491     2.8968
    6.7500     2.8698     2.8491     2.8968
    7.0000     2.8698     2.8491     2.8968
    7.2500     2.8698     2.8491     2.8968
    7.5000     2.8698     2.8491     2.8968
    7.7500     2.8698     2.8491     2.8968
    8.0000     2.8698     2.8491     2.8968
    8.2500     2.8698     2.8491     2.8968
    8.5000     2.8698     2.8491     2.8968
    8.7500     2.8698     2.8491     2.8968
    9.0000     2.8698     2.8491     2.8968
    9.2500     2.8698     2.8491     2.8968
    9.5000     2.8698     2.8491     2.8968
    9.7500     2.8698     2.8491     2.8968
   10.0000     2.8698     2.8491     2.8968
   10.2500     2.8698     2.8491     2.8968
   10.5000     2.8698     2.8491     2.8968
   10.7500     2.8698     2.8491     2.8968
   11.0000     2.8698     2.8491     2.8968
   11.2500     2.8698     2.8491     2.8968
   11.5000     2.8698     2.8491     2.8968
   11.7500     2.8873     2.8591     3.1700
   12.0000     3.2035     3.1709     3.2484
   12.2500     3.2050     3.1732     3.2484
   12.5000     3.2050     3.1732     3.2484
   12.7500     3.2050     3.1732     3.2484
   13.0000     3.2050     3.1732     3.2484
   13.2500     3.2050     3.1732     3.2484
   13.5000     3.2050     3.1732     3.2484
   13.7500     3.2050     3.1732     3.2484
   14.0000     3.2050     3.1732     3.2484
   14.2500     3.2050     3.1732     3.2484
   14.5000     3.2050     3.1732     3.2484
   14.7500     3.2050     3.1732     3.2484
   15.0000     3.2050     3.1732     3.2484
   15.2500     3.2050     3.1732     3.2484
   15.5000     3.2050     3.1732     3.2484
   15.7500     3.2050     3.1732     3.2484
   16.0000     3.2050     3.1732     3.2484
   16.2500     3.2050     3.1732     3.2484
   16.5000     3.2050     3.1732     3.2484
   16.7500     3.2050     3.1732     3.2484
   17.0000     3.2050     3.1732     3.2484
   17.2500     3.2050     3.1732     3.2484
   17.5000     3.2050     3.1732     3.2484
   17.7500     3.2050     3.1732     3.2484
   18.0000     3.2050     3.1732     3.2484
   18.2500     3.2050     3.1732     3.2484
   18.5000     3.2050     3.1732     3.2484
   18.7500     3.2050     3.1732     3.2484
   19.0000     3.2050     3.1732     3.2484
   19.2500     3.2050     3.1732     3.2484
   19.5000     3.2050     3.1732     3.2493
   19.7500     3.2248     3.1784     3.2888
   20.0000     3.2375     3.2112     3.3128
   20.2500     3.2704     3.2159     3.3238
   20.5000     3.2704     3.2159     3.3238
   20.7500     3.2704     3.2159     3.3238
   21.0000     3.2704     3.2159     3.3238
   21.2500     3.2704     3.2159     3.3238
   21.5000     3.2704     3.2159     3.3238
   21.7500     3.2704     3.2159     3.3238
   22.0000     3.2704     3.2159     3.3238
   22.2500     3.2704     3.2159     3.3238
   22.5000     3.2704     3.2159     3.3238
   22.7500     3.2704     3.2159     3.3238
   23.0000     3.2704     3.2159     3.3238
   23.2500     3.2704     3.2159     3.3238
   23.5000     3.2704     3.2159     3.3238
   23.7500     3.2704     3.2159     3.3238
   24.0000     3.2704     3.2159     3.3238
   24.2500     3.2704     3.2159     3.3238
   24.5000     3.2704     3.2159     3.3238
   24.7500     3.2704     3.2159     3.3238
   25.0000     3.2704     3.2159     3.3238
   25.2500     3.2704     3.2159     3.3238
   25.5000     3.2704     3.2159     3.3238
   25.7500     3.2704     3.2159     3.3238
   26.0000     3.2704     3.2159     3.3238
   26.2500     3.2704     3.2159     3.3238
   26.5000     3.2704     3.2159     3.3238
   26.7500     3.2704     3.2159     3.3238
   27.0000     3.2704     3.2159     3.3238
   27.2500     3.2704     3.2159     3.3238
   27.5000     3.2704     3.2159     3.3238
   27.7500     3.2704     3.2159     3.3238
   28.0000     3.2704     3.2159     3.3238
   28.2500     3.2704     3.2159     3.3238
   28.5000     3.2704     3.2159     3.3238
   28.7500     3.2704     3.2159     3.3238
   29.0000     3.2704     3.2159     3.3238
   29.2500     3.2704     3.2159     3.3238
   29.5000     3.2749     3.2159     3.3799
   29.7500     3.3528     3.2190     3.4513
   30.0000     3.3770     3.2969     3.4581
   30.2500     3.3951     3.3401     3.4692
   30.5000     3.3951     3.3401     3.4692
   30.7500     3.3951     3.3401     3.4692
   31.0000     3.3951     3.3401     3.4692
   31.2500     3.3951     3.3401     3.4692
   31.5000     3.3951     3.3401     3.4692
   31.7500     3.3951     3.3401     3.4692
   32.0000     3.3951     3.3401     3.4692
   32.2500     3.3951     3.3401     3.4692
   32.5000     3.3951     3.3401     3.4692
   32.7500     3.3951     3.3401     3.4692
   33.0000     3.3951     3.3401     3.4692
   33.2500     3.3951     3.3401     3.4692
   33.5000     3.3951     3.3401     3.4692
   33.7500     3.3951     3.3401     3.4692
   34.0000     3.3951     3.3401     3.4692
   34.2500     3.3951     3.3401     3.4692
   34.5000     3.3951     3.3401     3.4692
   34.7500     3.3951     3.3401     3.4692
   35.0000     3.3951     3.3401     3.4692
   35.2500     3.3951     3.3401     3.4692
   35.5000     3.3951     3.3401     3.4692
   35.7500     3.3951     3.3401     3.4692
   36.0000     3.3951     3.3401     3.4692
   36.2500     3.3951     3.3401     3.4692
   36.5000     3.3951     3.3401     3.4692
   36.7500     3.3951     3.3401     3.4692
   37.0000     3.3951     3.3401     3.4692
   37.2500     3.3951     3.3401     3.4692
   37.5000     3.3951     3.3401     3.4692
   37.7500     3.3951     3.3401     3.4692
   38.0000     3.3951     3.3401     3.4692
   38.2500     3.3951     3.3401     3.4692
   38.5000     3.3951     3.3401     3.4692
   38.7500     3.3951     3.3401     3.4692
   39.0000     3.3951     3.3401     3.4692
   39.2500     3.3951     3.3401     3.4692
   39.5000     3.3951     3.3401     3.4692
   39.7500     3.3951     3.3401     3.4692
   40.0000     3.3951     3.3401     3.4692
   40.2500     3.3951     3.3401     3.4692
   40.5000     3.3951     3.3401     3.4692
   40.7500     3.3951     3.3401     3.4692
   41.0000     3.3951     3.3401     3.4692
   41.2500     3.3951     3.3401     3.4692
   41.5000     3.3951     3.3401     3.4692
   41.7500     3.3951     3.3401     3.4692
   42.0000     3.3951     3.3401     3.4692
   42.2500     3.3951     3.3401     3.4692
   42.5000     3.3951     3.3401     3.4692
   42.7500     3.3951     3.3401     3.4692
   43.0000     3.3951     3.3401     3.4692
   43.2500     3.3951     3.3401     3.4692
   43.5000     3.3951     3.3401     3.4692
   43.7500     3.3951     3.3401     3.4692
   44.0000     3.3951     3.3401     3.4692
   44.2500     3.3951     3.3401     3.4692
   44.5000     3.3951     3.3401     3.4692
   44.7500     3.3951     3.3401     3.4692
   45.0000     3.3951     3.3401     3.4692
   45.2500     3.3951     3.3401     3.4692
   45.5000     3.3951     3.3401     3.4692
   45.7500     3.3951     3.3401     3.4692
   46.0000     3.3951     3.3401     3.4692
   46.2500     3.3951     3.3401     3.4692
   46.5000     3.3951     3.3401     3.4692
   46.7500     3.3951     3.3401     3.4692
   47.0000     3.3951     3.3401     3.4692
   47.2500     3.3951     3.3401     3.4692
   47.5000     3.3951     3.3401     3.4692
   47.7500     3.3951     3.3401     3.4692
   48.0000     3.3951     3.3401     3.4692
   48.2500     3.3951     3.3401     3.4692
   48.5000     3.3951     3.3401     3.4692
   48.7500     3.3951     3.3401     3.4692
   49.0000     3.3951     3.3401     3.4692
   49.2500     3.3951     3.3401     3.4692
   49.5000     3.3951     3.3401     3.4692
   49.7500     3.3951     3.3401     3.4692
   50.0000     3.3951     3.3401     3.4692
   50.2500     3.3951     3.3401     3.4692
   50.5000     3.3951     3.3401     3.4692
   50.7500     3.3951     3.3401     3.4692
   51.0000     3.3951     3.3401     3.4692
   51.2500     3.3951     3.3401     3.4692
   51.5000     3.3951     3.3401     3.4692
   51.7500     3.3951     3.3401     3.4692
   52.0000     3.3951     3.3401     3.4692
   52.2500     3.3951     3.3401     3.4692
   52.5000     3.3951     3.3401     3.4692
   52.7500     3.3951     3.3401     3.4692
   53.0000     3.3951     3.3401     3.4692
   53.2500     3.3951     3.3401     3.4692
   53.5000     3.3951     3.3401     3.4692
   53.7500     3.3951     3.3401     3.4692
   54.0000     3.3951     3.3401     3.4692
   54.2500     3.3951     3.3401     3.4692
   54.5000     3.3951     3.3401     3.4692
   54.7500     3.3951     3.3401     3.4692
   55.0000     3.3951     3.3401     3.4692
   55.2500     3.3951     3.3401     3.4692
   55.5000     3.3951     3.3401     3.4692
   55.7500     3.3951     3.3401     3.4692
   56.0000     3.3951     3.3401     3.4692
   56.2500     3.3951     3.3401     3.4692
   56.5000     3.3951     3.3401     3.4692
   56.7500     3.3951     3.3401     3.4692
   57.0000     3.3951     3.3401     3.4692
   57.2500     3.3951     3.3401     3.4692
   57.5000     3.3951     3.3401     3.4692
   57.7500     3.3951     3.3401     3.4692
   58.0000     3.3951     3.3401     3.4692
   58.2500     3.3951     3.3401     3.4692
   58.5000     3.3951     3.3401     3.4692
   58.7500     3.4109     3.3551     3.4893
   59.0000     3.4700     3.3649     3.5702
   59.2500     3.5177     3.4188     3.6340
   59.5000     3.5332     3.4469     3.6358
   59.7500     3.5552     3.4821     3.6642
   60.0000     3.5762     3.4948     3.7162
