# depth_km vs_median_km_s vs_p16 vs_p84
    0.0000     1.9461     1.9434     1.9487
    0.2500     1.9461     1.9434     1.9487
    0.5000     1.9461     1.9434     1.9487
    0.7500     1.9461     1.9434     1.9487
    1.0000     1.9461     1.9434     1.9487
    1.2500     1.9461     1.9434     1.9487
    1.5000     1.9461     1.9434     1.9487
    1.7500     1.9461     1.9434     1.9487
    2.0000     1.9468     1.9433     1.9505
    2.2500     1.9390     1.9315     1.9490
    2.5000     1.9390     1.9315     1.9490
    2.7500     1.9390     1.9315     1.9490
    3.0000     1.9390     1.9315     1.9490
    3.2500     1.9390     1.9315     1.9490
    3.5000     1.9390     1.9315     1.9490
    3.7500     1.9390     1.9315     1.9490
    4.0000     1.9390     1.9315     1.9490
    4.2500     1.9390     1.9315     1.9490
    4.5000     1.9390     1.9315     1.9490
    4.7500     1.9390     1.9315     1.9490
    5.0000     1.9390     1.9315     1.9490
    5.2500     1.9390     1.9315     1.9490
    5.5000     1.9390     1.9315     1.9490
    5.7500     1.9390     1.9315     1.9490
    6.0000     1.9483     1.9325     2.6104
    6.2500     2.4065     2.2998     2.6104
    6.5000     2.4065     2.2998     2.6104
    6.7500     2.4065     2.2998     2.6104
    7.0000     2.4065     2.2998     2.6104
    7.2500     2.4065     2.2998     2.6104
    7.5000     2.4065     2.2998     2.6104
    7.7500     2.4065     2.2998     2.6104
    8.0000     2.4065     2.2998     2.6104
    8.2500     2.4065     2.2998     2.6104
    8.5000     2.4065     2.2998     2.6104
    8.7500     2.4065     2.2998     2.6104
    9.0000     2.4065     2.2998     2.6104
    9.2500     2.4065     2.2998     2.6104
    9.5000     2.4065     2.2998     2.6104
    9.7500     2.4065     2.2998     2.6104
   10.0000     2.4065     2.2998     2.6104
   10.2500     2.4065     2.2998     2.6104
   10.5000     2.4065     2.2998     2.6104
   10.7500     2.4065     2.2998     2.6104
   11.0000     2.4065     2.2998     2.6104
   11.2500     2.4065     2.2998     2.6104
   11.5000     2.4065     2.2998     2.6104
   11.7500     2.4065     2.2998     2.6104
   12.0000     2.7190     2.4021     2.9377
   12.2500     2.7248     2.6615     2.9398
   12.5000     2.7248     2.6615     2.9398
   12.7500     2.7248     2.6615     2.9398
   13.0000     2.7248     2.6615     2.9398
   13.2500     2.7248     2.6615     2.9398
   13.5000     2.7248     2.6615     2.9398
   13.7500     2.7248     2.6615     2.9398
   14.0000     2.7248     2.6615     2.9398
   14.2500     2.7248     2.6615     2.9398
   14.5000     2.7248     2.6615     2.9398
   14.7500     2.7248     2.6615     2.9398
   15.0000     2.7248     2.6615     2.9398
   15.2500     2.7248     2.6615     2.9398
   15.5000     2.7248     2.6615     2.9398
   15.7500     2.7248     2.6615     2.9398
   16.0000     2.7248     2.6615     2.9398
   16.2500     2.7248     2.6615     2.9398
   16.5000     2.7248     2.6615     2.9398
   16.7500     2.7248     2.6615     2.9398
   17.0000     2.7248     2.6615     2.9398
   17.2500     2.7248     2.6615     2.9398
   17.5000     2.7248     2.6615     2.9398
   17.7500     2.7248     2.6615     2.9398
   18.0000     2.7248     2.6615     2.9398
   18.2500     2.7248     2.6615     2.9398
   18.5000     2.7248     2.6615     2.9398
   18.7500     2.7248     2.6615     2.9398
   19.0000     2.7248     2.6615     2.9398
   19.2500     2.7248     2.6615     2.9398
   19.5000     2.7248     2.6615     2.9433
   19.7500     2.7988     2.6615     3.2464
   20.0000     3.0539     2.6615     3.2774
   20.2500     3.1469     3.0332     3.2784
   20.5000     3.1469     3.0502     3.2784
   20.7500     3.1469     3.0502     3.2784
   21.0000     3.1469     3.0502     3.2784
   21.2500     3.1469     3.0502     3.2784
   21.5000     3.1469     3.0502     3.2784
   21.7500     3.1469     3.0502     3.2784
   22.0000     3.1469     3.0502     3.2784
   22.2500     3.1469     3.0502     3.2784
   22.5000     3.1469     3.0502     3.2784
   22.7500     3.1469     3.0502     3.2784
   23.0000     3.1469     3.0502     3.2784
   23.2500     3.1469     3.0502     3.2784
   23.5000     3.1469     3.0502     3.2784
   23.7500     3.1469     3.0502     3.2784
   24.0000     3.1469     3.0502     3.2784
   24.2500     3.1469     3.0502     3.2784
   24.5000     3.1469     3.0502     3.2784
   24.7500     3.1469     3.0502     3.2784
   25.0000     3.1469     3.0502     3.2784
   25.2500     3.1469     3.0502     3.2784
   25.5000     3.1469     3.0502     3.2784
   25.7500     3.1469     3.0502     3.2784
   26.0000     3.1469     3.0502     3.2784
   26.2500     3.1469     3.0502     3.2784
   26.5000     3.1469     3.0502     3.2784
   26.7500     3.1469     3.0502     3.2784
   27.0000     3.1469     3.0502     3.2784
   27.2500     3.1469     3.0502     3.2784
   27.5000     3.1469     3.0502     3.2784
   27.7500     3.1469     3.0502     3.2784
   28.0000     3.1469     3.0502     3.2784
   28.2500     3.1469     3.0502     3.2784
   28.5000     3.1469     3.0502     3.2784
   28.7500     3.1469     3.0502     3.2784
   29.0000     3.1469     3.0502     3.2784
   29.2500     3.1469     3.0502     3.2784
   29.5000     3.1469     3.0502     3.2838
   29.7500     3.1469     3.0502     3.8284
   30.0000     3.2856     3.0565     3.8415
   30.2500     3.7267     3.4839     3.8682
   30.5000     3.7347     3.5194     3.8682
   30.7500     3.7347     3.5194     3.8682
   31.0000     3.7347     3.5194     3.8682
   31.2500     3.7347     3.5194     3.8682
   31.5000     3.7347     3.5194     3.8682
   31.7500     3.7347     3.5194     3.8682
   32.0000     3.7347     3.5194     3.8682
   32.2500     3.7347     3.5194     3.8682
   32.5000     3.7347     3.5194     3.8682
   32.7500     3.7347     3.5194     3.8682
   33.0000     3.7347     3.5194     3.8682
   33.2500     3.7347     3.5194     3.8682
   33.5000     3.7347     3.5194     3.8682
   33.7500     3.7347     3.5194     3.8682
   34.0000     3.7347     3.5194     3.8682
   34.2500     3.7347     3.5194     3.8682
   34.5000     3.7347     3.5194     3.8682
   34.7500     3.7347     3.5194     3.8682
   35.0000     3.7347     3.5194     3.8682
   35.2500     3.7347     3.5194     3.8682
   35.5000     3.7347     3.5194     3.8682
   35.7500     3.7347     3.5194     3.8682
   36.0000     3.7347     3.5194     3.8682
   36.2500     3.7347     3.5194     3.8682
   36.5000     3.7347     3.5194     3.8682
   36.7500     3.7347     3.5194     3.8682
   37.0000     3.7347     3.5194     3.8682
   37.2500     3.7347     3.5194     3.8682
   37.5000     3.7347     3.5194     3.8682
   37.7500     3.7347     3.5194     3.8682
   38.0000     3.7347     3.5194     3.8682
   38.2500     3.7347     3.5194     3.8682
   38.5000     3.7347     3.5194     3.8682
   38.7500     3.7347     3.5194     3.8682
   39.0000     3.7347     3.5194     3.8682
   39.2500     3.7347     3.5194     3.8682
   39.5000     3.7347     3.5194     3.8682
   39.7500     3.7347     3.5194     3.8682
   40.0000     3.7347     3.5194     3.8682
   40.2500     3.7347     3.5194     3.8682
   40.5000     3.7347     3.5194     3.8682
   40.7500     3.7347     3.5194     3.8682
   41.0000     3.7347     3.5194     3.8682
   41.2500     3.7347     3.5194     3.8682
   41.5000     3.7347     3.5194     3.8682
   41.7500     3.7347     3.5194     3.8682
   42.0000     3.7347     3.5194     3.8682
   42.2500     3.7347     3.5194     3.8682
   42.5000     3.7347     3.5194     3.8682
   42.7500     3.7347     3.5194     3.8682
   43.0000     3.7347     3.5194     3.8682
   43.2500     3.7347     3.5194     3.8682
   43.5000     3.7347     3.5194     3.8682
   43.7500     3.7347     3.5194     3.8682
   44.0000     3.7347     3.5194     3.8682
   44.2500     3.7347     3.5194     3.8682
   44.5000     3.7347     3.5194     3.8682
   44.7500     3.7347     3.5194     3.8682
   45.0000     3.7347     3.5194     3.8682
   45.2500     3.7347     3.5194     3.8682
   45.5000     3.7347     3.5194     3.8682
   45.7500     3.7347     3.5194     3.8682
   46.0000     3.7347     3.5194     3.8682
   46.2500     3.7347     3.5194     3.8682
   46.5000     3.7347     3.5194     3.8682
   46.7500     3.7347     3.5194     3.8682
   47.0000     3.7347     3.5194     3.8682
   47.2500     3.7347     3.5194     3.8682
   47.5000     3.7347     3.5194     3.8682
   47.7500     3.7347     3.5194     3.8682
   48.0000     3.7347     3.5194     3.8682
   48.2500     3.7347     3.5194     3.8682
   48.5000     3.7347     3.5194     3.8682
   48.7500     3.7347     3.5194     3.8682
   49.0000     3.7347     3.5194     3.8682
   49.2500     3.7347     3.5194     3.8682
   49.5000     3.7347     3.5194     3.8682
   49.7500     3.7347     3.5194     3.8682
   50.0000     3.7347     3.5194     3.8682
   50.2500     3.7347     3.5194     3.8682
   50.5000     3.7347     3.5194     3.8682
   50.7500     3.7347     3.5194     3.8682
   51.0000     3.7347     3.5194     3.8682
   51.2500     3.7347     3.5194     3.8682
   51.5000     3.7347     3.5194     3.8682
   51.7500     3.7347     3.5194     3.8682
   52.0000     3.7347     3.5194     3.8682
   52.2500     3.7347     3.5194     3.8682
   52.5000     3.7347     3.5194     3.8682
   52.7500     3.7347     3.5194     3.8682
   53.0000     3.7347     3.5194     3.8682
   53.2500     3.7347     3.5194     3.8682
   53.5000     3.7347     3.5194     3.8682
   53.7500     3.7347     3.5194     3.8682
   54.0000     3.7347     3.5194     3.8682
   54.2500     3.7347     3.5194     3.8682
   54.5000     3.7347     3.5194     3.8682
   54.7500     3.7347     3.5194     3.8682
   55.0000     3.7347     3.5194     3.8682
   55.2500     3.7347     3.5194     3.8682
   55.5000     3.7347     3.5194     3.8682
   55.7500     3.7347     3.5194     3.8682
   56.0000     3.7347     3.5194     3.8682
   56.2500     3.7347     3.5194     3.8682
   56.5000     3.7347     3.5194     3.8682
   56.7500     3.7347     3.5194     3.8682
   57.0000     3.7347     3.5194     3.8682
   57.2500     3.7347     3.5194     3.8682
   57.5000     3.7347     3.5194     3.8682
   57.7500     3.7347     3.5194     3.8682
   58.0000     3.7347     3.5194     3.8682
   58.2500     3.7347     3.5194     3.8682
   58.5000     3.7347     3.5194     3.8682
   58.7500     3.7347     3.5194     3.8682
   59.0000     3.7347     3.5194     3.8682
   59.2500     3.7402     3.5194     3.8771
   59.5000     3.8376     3.5194     4.0826
   59.7500     3.8449     3.6633     4.0843
   60.0000     4.0476     3.7315     4.1187
