# depth_km vs_median_km_s vs_p16 vs_p84
    0.0000     1.8779     1.8753     1.8809
    0.2500     1.8779     1.8753     1.8809
    0.5000     1.8779     1.8753     1.8809
    0.7500     1.8779     1.8753     1.8809
    1.0000     1.8779     1.8753     1.8809
    1.2500     1.8779     1.8753     1.8809
    1.5000     3.0257     3.0189     3.0333
    1.7500     3.0258     3.0190     3.0335
    2.0000     3.0258     3.0190     3.0335
    2.2500     3.0258     3.0190     3.0335
    2.5000     3.0258     3.0190     3.0335
    2.7500     3.0258     3.0190     3.0335
    3.0000     3.0258     3.0190     3.0335
    3.2500     3.0258     3.0190     3.0335
    3.5000     3.0258     3.0190     3.0335
    3.7500     3.0258     3.0190     3.0335
    4.0000     3.0258     3.0190     3.0335
    4.2500     3.0258     3.0190     3.0335
    4.5000     3.0258     3.0190     3.0335
    4.7500     3.0258     3.0190     3.0335
    5.0000     3.0258     3.0190     3.0335
    5.2500     3.0244     3.0143     3.0327
    5.5000     2.5377     2.4340     3.0121
    5.7500     2.5170     2.4340     2.7713
    6.0000     2.5170     2.4340     2.7713
    6.2500     2.5170     2.4340     2.7713
    6.5000     2.5170     2.4340     2.7713
    6.7500     2.5170     2.4340     2.7713
    7.0000     2.5170     2.4340     2.7713
    7.2500     2.5170     2.4340     2.7713
    7.5000     2.5170     2.4340     2.7713
    7.7500     2.5170     2.4340     2.7713
    8.0000     2.5170     2.4340     2.7713
    8.2500     2.5170     2.4340     2.7713
    8.5000     2.5170     2.4340     2.7713
    8.7500     2.5170     2.4340     2.7713
    9.0000     2.5170     2.4340     2.7713
    9.2500     2.5170     2.4340     2.7713
    9.5000     2.5170     2.4340     2.7713
    9.7500     2.5170     2.4340     2.7713
   10.0000     2.5170     2.4340     2.7713
   10.2500     2.5170     2.4340     2.7713
   10.5000     2.5170     2.4340     2.7713
   10.7500     2.5170     2.4340     2.7713
   11.0000     2.5170     2.4340     2.7713
   11.2500     2.5174     2.4340     2.7713
   11.5000     2.6835     2.5796     2.8489
   11.7500     2.6835     2.6102     2.8489
   12.0000     2.6835     2.6102     2.8489
   12.2500     2.6835     2.6102     2.8489
   12.5000     2.6835     2.6102     2.8489
   12.7500     2.6835     2.6102     2.8489
   13.0000     2.6835     2.6102     2.8489
   13.2500     2.6835     2.6102     2.8489
   13.5000     2.6835     2.6102     2.8489
   13.7500     2.6835     2.6102     2.8489
   14.0000     2.6835     2.6102     2.8489
   14.2500     2.6835     2.6102     2.8489
   14.5000     2.6835     2.6102     2.8489
   14.7500     2.6835     2.6102     2.8489
   15.0000     2.6835     2.6102     2.8489
   15.2500     2.6835     2.6102     2.8489
   15.5000     2.6835     2.6102     2.8489
   15.7500     2.6835     2.6102     2.8489
   16.0000     2.6835     2.6102     2.8489
   16.2500     2.6835     2.6102     2.8489
   16.5000     2.6835     2.6102     2.8489
   16.7500     2.6835     2.6102     2.8489
   17.0000     2.6835     2.6102     2.8489
   17.2500     2.6835     2.6102     2.8489
   17.5000     2.6835     2.6102     2.8489
   17.7500     2.6835     2.6102     2.8489
   18.0000     2.6835     2.6102     2.8489
   18.2500     2.6835     2.6102     2.8489
   18.5000     2.6835     2.6102     2.8489
   18.7500     2.6835     2.6102     2.8489
   19.0000     2.6835     2.6102     2.8692
   19.2500     2.6835     2.6102     3.2936
   19.5000     3.0727     2.6560     3.2936
   19.7500     3.1071     3.0569     3.2936
   20.0000     3.1071     3.0569     3.2936
   20.2500     3.1071     3.0569     3.2936
   20.5000     3.1071     3.0569     3.2936
   20.7500     3.1071     3.0569     3.2936
   21.0000     3.1071     3.0569     3.2936
   21.2500     3.1071     3.0569     3.2936
   21.5000     3.1071     3.0569     3.2936
   21.7500     3.1071     3.0569     3.2936
   22.0000     3.1071     3.0569     3.2936
   22.2500     3.1071     3.0569     3.2936
   22.5000     3.1071     3.0569     3.2936
   22.7500     3.1071     3.0569     3.2936
   23.0000     3.1071     3.0569     3.2936
   23.2500     3.1071     3.0569     3.2936
   23.5000     3.1071     3.0569     3.2936
   23.7500     3.1071     3.0569     3.2936
   24.0000     3.1071     3.0569     3.2936
   24.2500     3.1071     3.0569     3.2936
   24.5000     3.1071     3.0569     3.2936
   24.7500     3.1071     3.0569     3.2936
   25.0000     3.1071     3.0569     3.2936
   25.2500     3.1071     3.0569     3.2936
   25.5000     3.1071     3.0569     3.2936
   25.7500     3.1071     3.0569     3.2936
   26.0000     3.1071     3.0569     3.2936
   26.2500     3.1071     3.0569     3.2936
   26.5000     3.1071     3.0569     3.2936
   26.7500     3.1071     3.0569     3.2936
   27.0000     3.1071     3.0569     3.2936
   27.2500     3.1071     3.0569     3.2936
   27.5000     3.1071     3.0569     3.2936
   27.7500     3.1071     3.0569     3.2936
   28.0000     3.1071     3.0569     3.2936
   28.2500     3.1071     3.0569     3.2936
   28.5000     3.1071     3.0569     3.2936
   28.7500     3.1071     3.0569     3.2936
   29.0000     3.1071     3.0569     3.3058
   29.2500     3.1071     3.0569     3.8681
   29.5000     3.6063     3.0642     3.8681
   29.7500     3.7097     3.5257     3.8721
   30.0000     3.7340     3.5323     3.8748
   30.2500     3.7340     3.5323     3.8748
   30.5000     3.7340     3.5323     3.8748
   30.7500     3.7340     3.5323     3.8748
   31.0000     3.7340     3.5323     3.8748
   31.2500     3.7340     3.5323     3.8748
   31.5000     3.7340     3.5323     3.8748
   31.7500     3.7340     3.5323     3.8748
   32.0000     3.7340     3.5323     3.8748
   32.2500     3.7340     3.5323     3.8748
   32.5000     3.7340     3.5323     3.8748
   32.7500     3.7340     3.5323     3.8748
   33.0000     3.7340     3.5323     3.8748
   33.2500     3.7340     3.5323     3.8748
   33.5000     3.7340     3.5323     3.8748
   33.7500     3.7340     3.5323     3.8748
   34.0000     3.7340     3.5323     3.8748
   34.2500     3.7340     3.5323     3.8748
   34.5000     3.7340     3.5323     3.8748
   34.7500     3.7340     3.5323     3.8748
   35.0000     3.7340     3.5323     3.8748
   35.2500     3.7340     3.5323     3.8748
   35.5000     3.7340     3.5323     3.8748
   35.7500     3.7340     3.5323     3.8748
   36.0000     3.7340     3.5323     3.8748
   36.2500     3.7340     3.5323     3.8748
   36.5000     3.7340     3.5323     3.8748
   36.7500     3.7340     3.5323     3.8748
   37.0000     3.7340     3.5323     3.8748
   37.2500     3.7340     3.5323     3.8748
   37.5000     3.7340     3.5323     3.8748
   37.7500     3.7340     3.5323     3.8748
   38.0000     3.7340     3.5323     3.8748
   38.2500     3.7340     3.5323     3.8748
   38.5000     3.7340     3.5323     3.8748
   38.7500     3.7340     3.5323     3.8748
   39.0000     3.7340     3.5323     3.8748
   39.2500     3.7340     3.5323     3.8748
   39.5000     3.7340     3.5323     3.8748
   39.7500     3.7340     3.5323     3.8748
   40.0000     3.7340     3.5323     3.8748
   40.2500     3.7340     3.5323     3.8748
   40.5000     3.7340     3.5323     3.8748
   40.7500     3.7340     3.5323     3.8748
   41.0000     3.7340     3.5323     3.8748
   41.2500     3.7340     3.5323     3.8748
   41.5000     3.7340     3.5323     3.8748
   41.7500     3.7340     3.5323     3.8748
   42.0000     3.7340     3.5323     3.8748
   42.2500     3.7340     3.5323     3.8748
   42.5000     3.7340     3.5323     3.8748
   42.7500     3.7340     3.5323     3.8748
   43.0000     3.7340     3.5323     3.8748
   43.2500     3.7340     3.5323     3.8748
   43.5000     3.7340     3.5323     3.8748
   43.7500     3.7340     3.5323     3.8748
   44.0000     3.7340     3.5323     3.8748
   44.2500     3.7340     3.5323     3.8748
   44.5000     3.7340     3.5323     3.8748
   44.7500     3.7340     3.5323     3.8748
   45.0000     3.7340     3.5323     3.8748
   45.2500     3.7340     3.5323     3.8748
   45.5000     3.7340     3.5323     3.8748
   45.7500     3.7340     3.5323     3.8748
   46.0000     3.7340     3.5323     3.8748
   46.2500     3.7340     3.5323     3.8748
   46.5000     3.7340     3.5323     3.8748
   46.7500     3.7340     3.5323     3.8748
   47.0000     3.7340     3.5323     3.8748
   47.2500     3.7340     3.5323     3.8748
   47.5000     3.7340     3.5323     3.8748
   47.7500     3.7340     3.5323     3.8748
   48.0000     3.7340     3.5323     3.8748
   48.2500     3.7340     3.5323     3.8748
   48.5000     3.7340     3.5323     3.8748
   48.7500     3.7340     3.5323     3.8748
   49.0000     3.7340     3.5323     3.8748
   49.2500     3.7340     3.5323     3.8748
   49.5000     3.7340     3.5323     3.8748
   49.7500     3.7340     3.5323     3.8748
   50.0000     3.7340     3.5323     3.8748
   50.2500     3.7340     3.5323     3.8748
   50.5000     3.7340     3.5323     3.8748
   50.7500     3.7340     3.5323     3.8748
   51.0000     3.7340     3.5323     3.8748
   51.2500     3.7340     3.5323     3.8748
   51.5000     3.7340     3.5323     3.8748
   51.7500     3.7340     3.5323     3.8748
   52.0000     3.7340     3.5323     3.8748
   52.2500     3.7340     3.5323     3.8748
   52.5000     3.7340     3.5323     3.8748
   52.7500     3.7340     3.5323     3.8748
   53.0000     3.7340     3.5323     3.8748
   53.2500     3.7340     3.5323     3.8748
   53.5000     3.7340     3.5323     3.8748
   53.7500     3.7340     3.5323     3.8748
   54.0000     3.7340     3.5323     3.8748
   54.2500     3.7340     3.5323     3.8748
   54.5000     3.7340     3.5323     3.8748
   54.7500     3.7340     3.5323     3.8748
   55.0000     3.7340     3.5323     3.8748
   55.2500     3.7340     3.5323     3.8748
   55.5000     3.7340     3.5323     3.8748
   55.7500     3.7340     3.5323     3.8748
   56.0000     3.7340     3.5323     3.8748
   56.2500     3.7340     3.5323     3.8748
   56.5000     3.7340     3.5323     3.8748
   56.7500     3.7340     3.5323     3.8748
   57.0000     3.7340     3.5323     3.8748
   57.2500     3.7340     3.5323     3.8748
   57.5000     3.7340     3.5323     3.8748
   57.7500     3.7340     3.5323     3.8748
   58.0000     3.7340     3.5323     3.8748
   58.2500     3.7340     3.5323     3.8748
   58.5000     3.7340     3.5323     3.8748
   58.7500     3.7340     3.5323     3.9048
   59.0000     3.7720     3.5323     4.1197
   59.2500     4.0918     3.6192     4.1800
   59.5000     4.1005     3.6346     4.3690
   59.7500     4.1299     3.6346     4.3690
   60.0000     4.1312     3.6373     4.3700
