# depth_km vs_median_km_s vs_p16 vs_p84
    0.0000     1.7513     1.7468     1.7599
    0.2500     1.7513     1.7468     1.7599
    0.5000     1.7513     1.7468     1.7599
    0.7500     1.7513     1.7468     1.7599
    1.0000     1.7513     1.7468     1.7599
    1.2500     1.7513     1.7468     1.7599
    1.5000     1.7513     1.7468     1.7599
    1.7500     1.7513     1.7468     1.7599
    2.0000     3.2014     3.1572     3.2531
    2.2500     3.2014     3.1572     3.2531
    2.5000     3.2014     3.1572     3.2531
    2.7500     3.2014     3.1572     3.2531
    3.0000     3.2014     3.1572     3.2531
    3.2500     3.2014     3.1572     3.2531
    3.5000     3.2014     3.1572     3.2531
    3.7500     3.2014     3.1572     3.2531
    4.0000     3.2014     3.1572     3.2531
    4.2500     3.2014     3.1572     3.2531
    4.5000     3.2014     3.1572     3.2531
    4.7500     3.2014     3.1572     3.2531
    5.0000     3.2014     3.1572     3.2531
    5.2500     3.2014     3.1572     3.2531
    5.5000     3.2014     3.1572     3.2531
    5.7500     3.1907     2.7091     3.2531
    6.0000     2.4720     2.2944     2.7407
    6.2500     2.4720     2.2944     2.6946
    6.5000     2.4720     2.2944     2.6946
    6.7500     2.4720     2.2944     2.6946
    7.0000     2.4720     2.2944     2.6946
    7.2500     2.4720     2.2944     2.6946
    7.5000     2.4720     2.2944     2.6946
    7.7500     2.4720     2.2944     2.6946
    8.0000     2.4720     2.2944     2.6946
    8.2500     2.4720     2.2944     2.6946
    8.5000     2.4720     2.2944     2.6946
    8.7500     2.4720     2.2944     2.6946
    9.0000     2.4720     2.2944     2.6946
    9.2500     2.4720     2.2944     2.6946
    9.5000     2.4720     2.2944     2.6946
    9.7500     2.4720     2.2944     2.6946
   10.0000     2.4720     2.2944     2.6946
   10.2500     2.4720     2.2944     2.6946
   10.5000     2.4720     2.2944     2.6946
   10.7500     2.4720     2.2944     2.6946
   11.0000     2.4720     2.2944     2.6946
   11.2500     2.4720     2.2944     2.6946
   11.5000     2.4720     2.2944     2.6946
   11.7500     2.5418     2.2944     2.9629
   12.0000     2.7950     2.7363     2.9675
   12.2500     2.7950     2.7363     2.9675
   12.5000     2.7950     2.7363     2.9675
   12.7500     2.7950     2.7363     2.9675
   13.0000     2.7950     2.7363     2.9675
   13.2500     2.7950     2.7363     2.9675
   13.5000     2.7950     2.7363     2.9675
   13.7500     2.7950     2.7363     2.9675
   14.0000     2.7950     2.7363     2.9675
   14.2500     2.7950     2.7363     2.9675
   14.5000     2.7950     2.7363     2.9675
   14.7500     2.7950     2.7363     2.9675
   15.0000     2.7950     2.7363     2.9675
   15.2500     2.7950     2.7363     2.9675
   15.5000     2.7950     2.7363     2.9675
   15.7500     2.7950     2.7363     2.9675
   16.0000     2.7950     2.7363     2.9675
   16.2500     2.7950     2.7363     2.9675
   16.5000     2.7950     2.7363     2.9675
   16.7500     2.7950     2.7363     2.9675
   17.0000     2.7950     2.7363     2.9675
   17.2500     2.7950     2.7363     2.9675
   17.5000     2.7950     2.7363     2.9675
   17.7500     2.7950     2.7363     2.9675
   18.0000     2.7950     2.7363     2.9675
   18.2500     2.7950     2.7363     2.9675
   18.5000     2.7950     2.7363     2.9675
   18.7500     2.7950     2.7363     2.9675
   19.0000     2.7950     2.7363     2.9675
   19.2500     2.7950     2.7363     2.9675
   19.5000     2.7985     2.7363     2.9691
   19.7500     2.8809     2.7391     3.2105
   20.0000     3.0710     2.8196     3.2105
   20.2500     3.0711     2.9494     3.2105
   20.5000     3.0711     2.9494     3.2105
   20.7500     3.0711     2.9494     3.2105
   21.0000     3.0711     2.9494     3.2105
   21.2500     3.0711     2.9494     3.2105
   21.5000     3.0711     2.9494     3.2105
   21.7500     3.0711     2.9494     3.2105
   22.0000     3.0711     2.9494     3.2105
   22.2500     3.0711     2.9494     3.2105
   22.5000     3.0711     2.9494     3.2105
   22.7500     3.0711     2.9494     3.2105
   23.0000     3.0711     2.9494     3.2105
   23.2500     3.0711     2.9494     3.2105
   23.5000     3.0711     2.9494     3.2105
   23.7500     3.0711     2.9494     3.2105
   24.0000     3.0711     2.9494     3.2105
   24.2500     3.0711     2.9494     3.2105
   24.5000     3.0711     2.9494     3.2105
   24.7500     3.0711     2.9494     3.2105
   25.0000     3.0711     2.9494     3.2105
   25.2500     3.0711     2.9494     3.2105
   25.5000     3.0711     2.9494     3.2105
   25.7500     3.0711     2.9494     3.2105
   26.0000     3.0711     2.9494     3.2105
   26.2500     3.0711     2.9494     3.2105
   26.5000     3.0711     2.9494     3.2105
   26.7500     3.0711     2.9494     3.2105
   27.0000     3.0711     2.9494     3.2105
   27.2500     3.0711     2.9494     3.2105
   27.5000     3.0711     2.9494     3.2105
   27.7500     3.0711     2.9494     3.2105
   28.0000     3.0711     2.9494     3.2105
   28.2500     3.0711     2.9494     3.2105
   28.5000     3.0711     2.9494     3.2105
   28.7500     3.0711     2.9494     3.2105
   29.0000     3.0711     2.9494     3.2105
   29.2500     3.0711     2.9494     3.2105
   29.5000     3.0711     2.9494     3.2117
   29.7500     3.0774     2.9494     3.9036
   30.0000     3.6204     3.0234     3.9036
   30.2500     3.7075     3.5566     3.9036
   30.5000     3.7075     3.5566     3.9036
   30.7500     3.7075     3.5566     3.9036
   31.0000     3.7075     3.5566     3.9036
   31.2500     3.7075     3.5566     3.9036
   31.5000     3.7075     3.5566     3.9036
   31.7500     3.7075     3.5566     3.9036
   32.0000     3.7075     3.5566     3.9036
   32.2500     3.7075     3.5566     3.9036
   32.5000     3.7075     3.5566     3.9036
   32.7500     3.7075     3.5566     3.9036
   33.0000     3.7075     3.5566     3.9036
   33.2500     3.7075     3.5566     3.9036
   33.5000     3.7075     3.5566     3.9036
   33.7500     3.7075     3.5566     3.9036
   34.0000     3.7075     3.5566     3.9036
   34.2500     3.7075     3.5566     3.9036
   34.5000     3.7075     3.5566     3.9036
   34.7500     3.7075     3.5566     3.9036
   35.0000     3.7075     3.5566     3.9036
   35.2500     3.7075     3.5566     3.9036
   35.5000     3.7075     3.5566     3.9036
   35.7500     3.7075     3.5566     3.9036
   36.0000     3.7075     3.5566     3.9036
   36.2500     3.7075     3.5566     3.9036
   36.5000     3.7075     3.5566     3.9036
   36.7500     3.7075     3.5566     3.9036
   37.0000     3.7075     3.5566     3.9036
   37.2500     3.7075     3.5566     3.9036
   37.5000     3.7075     3.5566     3.9036
   37.7500     3.7075     3.5566     3.9036
   38.0000     3.7075     3.5566     3.9036
   38.2500     3.7075     3.5566     3.9036
   38.5000     3.7075     3.5566     3.9036
   38.7500     3.7075     3.5566     3.9036
   39.0000     3.7075     3.5566     3.9036
   39.2500     3.7075     3.5566     3.9036
   39.5000     3.7075     3.5566     3.9036
   39.7500     3.7075     3.5566     3.9036
   40.0000     3.7075     3.5566     3.9036
   40.2500     3.7075     3.5566     3.9036
   40.5000     3.7075     3.5566     3.9036
   40.7500     3.7075     3.5566     3.9036
   41.0000     3.7075     3.5566     3.9036
   41.2500     3.7075     3.5566     3.9036
   41.5000     3.7075     3.5566     3.9036
   41.7500     3.7075     3.5566     3.9036
   42.0000     3.7075     3.5566     3.9036
   42.2500     3.7075     3.5566     3.9036
   42.5000     3.7075     3.5566     3.9036
   42.7500     3.7075     3.5566     3.9036
   43.0000     3.7075     3.5566     3.9036
   43.2500     3.7075     3.5566     3.9036
   43.5000     3.7075     3.5566     3.9036
   43.7500     3.7075     3.5566     3.9036
   44.0000     3.7075     3.5566     3.9036
   44.2500     3.7075     3.5566     3.9036
   44.5000     3.7075     3.5566     3.9036
   44.7500     3.7075     3.5566     3.9036
   45.0000     3.7075     3.5566     3.9036
   45.2500     3.7075     3.5566     3.9036
   45.5000     3.7075     3.5566     3.9036
   45.7500     3.7075     3.5566     3.9036
   46.0000     3.7075     3.5566     3.9036
   46.2500     3.7075     3.5566     3.9036
   46.5000     3.7075     3.5566     3.9036
   46.7500     3.7075     3.5566     3.9036
   47.0000     3.7075     3.5566     3.9036
   47.2500     3.7075     3.5566     3.9036
   47.5000     3.7075     3.5566     3.9036
   47.7500     3.7075     3.5566     3.9036
   48.0000     3.7075     3.5566     3.9036
   48.2500     3.7075     3.5566     3.9036
   48.5000     3.7075     3.5566     3.9036
   48.7500     3.7075     3.5566     3.9036
   49.0000     3.7075     3.5566     3.9036
   49.2500     3.7075     3.5566     3.9036
   49.5000     3.7075     3.5566     3.9036
   49.7500     3.7075     3.5566     3.9036
   50.0000     3.7075     3.5566     3.9036
   50.2500     3.7075     3.5566     3.9036
   50.5000     3.7075     3.5566     3.9036
   50.7500     3.7075     3.5566     3.9036
   51.0000     3.7075     3.5566     3.9036
   51.2500     3.7075     3.5566     3.9036
   51.5000     3.7075     3.5566     3.9036
   51.7500     3.7075     3.5566     3.9036
   52.0000     3.7075     3.5566     3.9036
   52.2500     3.7075     3.5566     3.9036
   52.5000     3.7075     3.5566     3.9036
   52.7500     3.7075     3.5566     3.9036
   53.0000     3.7075     3.5566     3.9036
   53.2500     3.7075     3.5566     3.9036
   53.5000     3.7075     3.5566     3.9036
   53.7500     3.7075     3.5566     3.9036
   54.0000     3.7075     3.5566     3.9036
   54.2500     3.7075     3.5566     3.9036
   54.5000     3.7075     3.5566     3.9036
   54.7500     3.7075     3.5566     3.9036
   55.0000     3.7075     3.5566     3.9036
   55.2500     3.7075     3.5566     3.9036
   55.5000     3.7075     3.5566     3.9036
   55.7500     3.7075     3.5566     3.9036
   56.0000     3.7075     3.5566     3.9036
   56.2500     3.7075     3.5566     3.9036
   56.5000     3.7075     3.5566     3.9036
   56.7500     3.7075     3.5566     3.9036
   57.0000     3.7075     3.5566     3.9036
   57.2500     3.7075     3.5566     3.9036
   57.5000     3.7075     3.5566     3.9036
   57.7500     3.7075     3.5566     3.9036
   58.0000     3.7075     3.5566     3.9036
   58.2500     3.7075     3.5566     3.9036
   58.5000     3.7075     3.5566     3.9036
   58.7500     3.7075     3.5566     3.9036
   59.0000     3.7075     3.5566     3.9036
   59.2500     3.7766     3.5566     3.9450
   59.5000     3.8168     3.5597     4.1643
   59.7500     4.1153     3.6210     4.3580
   60.0000     4.1282     3.6343     4.3581
