# depth_km vs_median_km_s vs_p16 vs_p84
    0.0000     1.8889     1.8854     1.8926
    0.2500     1.8889     1.8854     1.8926
    0.5000     1.8889     1.8854     1.8926
    0.7500     1.8889     1.8854     1.8926
    1.0000     1.8889     1.8854     1.8926
    1.2500     1.8889     1.8854     1.8926
    1.5000     1.8889     1.8854     1.8926
    1.7500     1.8889     1.8854     1.8926
    2.0000     2.2722     1.8971     2.3238
    2.2500     2.2904     2.2607     2.3289
    2.5000     2.2904     2.2607     2.3289
    2.7500     2.2904     2.2607     2.3289
    3.0000     2.2904     2.2607     2.3289
    3.2500     2.2904     2.2607     2.3289
    3.5000     2.2904     2.2607     2.3289
    3.7500     2.2904     2.2607     2.3289
    4.0000     2.2904     2.2607     2.3289
    4.2500     2.2904     2.2607     2.3289
    4.5000     2.2904     2.2607     2.3289
    4.7500     2.2904     2.2607     2.3289
    5.0000     2.2904     2.2607     2.3289
    5.2500     2.2904     2.2607     2.3289
    5.5000     2.2904     2.2607     2.3289
    5.7500     2.3055     2.2683     2.3509
    6.0000     2.4878     2.3321     2.6372
    6.2500     2.5337     2.4613     2.6372
    6.5000     2.5337     2.4613     2.6372
    6.7500     2.5337     2.4613     2.6372
    7.0000     2.5337     2.4613     2.6372
    7.2500     2.5337     2.4613     2.6372
    7.5000     2.5337     2.4613     2.6372
    7.7500     2.5337     2.4613     2.6372
    8.0000     2.5337     2.4613     2.6372
    8.2500     2.5337     2.4613     2.6372
    8.5000     2.5337     2.4613     2.6372
    8.7500     2.5337     2.4613     2.6372
    9.0000     2.5337     2.4613     2.6372
    9.2500     2.5337     2.4613     2.6372
    9.5000     2.5337     2.4613     2.6372
    9.7500     2.5337     2.4613     2.6372
   10.0000     2.5337     2.4613     2.6372
   10.2500     2.5337     2.4613     2.6372
   10.5000     2.5337     2.4613     2.6372
   10.7500     2.5337     2.4613     2.6372
   11.0000     2.5337     2.4613     2.6372
   11.2500     2.5337     2.4613     2.6372
   11.5000     2.5337     2.4613     2.6372
   11.7500     2.5337     2.4613     2.8482
   12.0000     2.7666     2.5830     2.9243
   12.2500     2.8163     2.6665     2.9243
   12.5000     2.8163     2.6665     2.9243
   12.7500     2.8163     2.6665     2.9243
   13.0000     2.8163     2.6665     2.9243
   13.2500     2.8163     2.6665     2.9243
   13.5000     2.8163     2.6665     2.9243
   13.7500     2.8163     2.6665     2.9243
   14.0000     2.8163     2.6665     2.9243
   14.2500     2.8163     2.6665     2.9243
   14.5000     2.8163     2.6665     2.9243
   14.7500     2.8163     2.6665     2.9243
   15.0000     2.8163     2.6665     2.9243
   15.2500     2.8163     2.6665     2.9243
   15.5000     2.8163     2.6665     2.9243
   15.7500     2.8163     2.6665     2.9243
   16.0000     2.8163     2.6665     2.9243
   16.2500     2.8163     2.6665     2.9243
   16.5000     2.8163     2.6665     2.9243
   16.7500     2.8163     2.6665     2.9243
   17.0000     2.8163     2.6665     2.9243
   17.2500     2.8163     2.6665     2.9243
   17.5000     2.8163     2.6665     2.9243
   17.7500     2.8163     2.6665     2.9243
   18.0000     2.8163     2.6665     2.9243
   18.2500     2.8163     2.6665     2.9243
   18.5000     2.8163     2.6665     2.9243
   18.7500     2.8163     2.6665     2.9243
   19.0000     2.8163     2.6665     2.9243
   19.2500     2.8163     2.6665     2.9243
   19.5000     2.8163     2.6665     2.9243
   19.7500     2.8163     2.6665     2.9251
   20.0000     2.8853     2.6665     3.1354
   20.2500     3.0245     2.8558     3.1503
   20.5000     3.0629     2.9190     3.1503
   20.7500     3.0629     2.9190     3.1503
   21.0000     3.0629     2.9190     3.1503
   21.2500     3.0629     2.9190     3.1503
   21.5000     3.0629     2.9190     3.1503
   21.7500     3.0629     2.9190     3.1503
   22.0000     3.0629     2.9190     3.1503
   22.2500     3.0629     2.9190     3.1503
   22.5000     3.0629     2.9190     3.1503
   22.7500     3.0629     2.9190     3.1503
   23.0000     3.0629     2.9190     3.1503
   23.2500     3.0629     2.9190     3.1503
   23.5000     3.0629     2.9190     3.1503
   23.7500     3.0629     2.9190     3.1503
   24.0000     3.0629     2.9190     3.1503
   24.2500     3.0629     2.9190     3.1503
   24.5000     3.0629     2.9190     3.1503
   24.7500     3.0629     2.9190     3.1503
   25.0000     3.0629     2.9190     3.1503
   25.2500     3.0629     2.9190     3.1503
   25.5000     3.0629     2.9190     3.1503
   25.7500     3.0629     2.9190     3.1503
   26.0000     3.0629     2.9190     3.1503
   26.2500     3.0629     2.9190     3.1503
   26.5000     3.0629     2.9190     3.1503
   26.7500     3.0629     2.9190     3.1503
   27.0000     3.0629     2.9190     3.1503
   27.2500     3.0629     2.9190     3.1503
   27.5000     3.0629     2.9190     3.1503
   27.7500     3.0629     2.9190     3.1503
   28.0000     3.0629     2.9190     3.1503
   28.2500     3.0629     2.9190     3.1503
   28.5000     3.0629     2.9190     3.1503
   28.7500     3.0629     2.9190     3.1503
   29.0000     3.0629     2.9190     3.1503
   29.2500     3.0629     2.9190     3.1503
   29.5000     3.0629     2.9190     3.1503
   29.7500     3.0808     2.9219     3.1802
   30.0000     3.1256     2.9219     3.2928
   30.2500     3.1397     2.9219     3.3192
   30.5000     3.1863     3.0558     3.3298
   30.7500     3.1863     3.0558     3.3298
   31.0000     3.1863     3.0558     3.3298
   31.2500     3.1863     3.0558     3.3298
   31.5000     3.1863     3.0558     3.3298
   31.7500     3.1863     3.0558     3.3298
   32.0000     3.1863     3.0558     3.3298
   32.2500     3.1863     3.0558     3.3298
   32.5000     3.1863     3.0558     3.3298
   32.7500     3.1863     3.0558     3.3298
   33.0000     3.1863     3.0558     3.3298
   33.2500     3.1863     3.0558     3.3298
   33.5000     3.1863     3.0558     3.3298
   33.7500     3.1863     3.0558     3.3298
   34.0000     3.1863     3.0558     3.3298
   34.2500     3.1863     3.0558     3.3298
   34.5000     3.1863     3.0558     3.3298
   34.7500     3.1863     3.0558     3.3298
   35.0000     3.1863     3.0558     3.3298
   35.2500     3.1863     3.0558     3.3298
   35.5000     3.1863     3.0558     3.3298
   35.7500     3.1863     3.0558     3.3298
   36.0000     3.1863     3.0558     3.3298
   36.2500     3.1863     3.0558     3.3298
   36.5000     3.1863     3.0558     3.3298
   36.7500     3.1863     3.0558     3.3298
   37.0000     3.1863     3.0558     3.3298
   37.2500     3.1863     3.0558     3.3298
   37.5000     3.1863     3.0558     3.3298
   37.7500     3.1863     3.0558     3.3298
   38.0000     3.1863     3.0558     3.3298
   38.2500     3.1863     3.0558     3.3298
   38.5000     3.1863     3.0558     3.3298
   38.7500     3.1863     3.0558     3.3298
   39.0000     3.1863     3.0558     3.3298
   39.2500     3.1863     3.0558     3.3298
   39.5000     3.1863     3.0558     3.3298
   39.7500     3.1863     3.0558     3.3298
   40.0000     3.1863     3.0558     3.3298
   40.2500     3.1863     3.0558     3.3298
   40.5000     3.1863     3.0558     3.3298
   40.7500     3.1863     3.0558     3.3298
   41.0000     3.1863     3.0558     3.3298
   41.2500     3.1863     3.0558     3.3298
   41.5000     3.1863     3.0558     3.3298
   41.7500     3.1863     3.0558     3.3298
   42.0000     3.1863     3.0558     3.3298
   42.2500     3.1863     3.0558     3.3298
   42.5000     3.1863     3.0558     3.3298
   42.7500     3.1863     3.0558     3.3298
   43.0000     3.1863     3.0558     3.3298
   43.2500     3.1863     3.0558     3.3298
   43.5000     3.1863     3.0558     3.3298
   43.7500     3.1863     3.0558     3.3298
   44.0000     3.1863     3.0558     3.3298
   44.2500     3.1863     3.0558     3.3298
   44.5000     3.1863     3.0558     3.3298
   44.7500     3.1863     3.0558     3.3298
   45.0000     3.1863     3.0558     3.3298
   45.2500     3.1863     3.0558     3.3298
   45.5000     3.1863     3.0558     3.3298
   45.7500     3.1863     3.0558     3.3298
   46.0000     3.1863     3.0558     3.3298
   46.2500     3.1863     3.0558     3.3298
   46.5000     3.1863     3.0558     3.3298
   46.7500     3.1863     3.0558     3.3298
   47.0000     3.1863     3.0558     3.3298
   47.2500     3.1863     3.0558     3.3298
   47.5000     3.1863     3.0558     3.3298
   47.7500     3.1863     3.0558     3.3298
   48.0000     3.1863     3.0558     3.3298
   48.2500     3.1863     3.0558     3.3298
   48.5000     3.1863     3.0558     3.3298
   48.7500     3.1863     3.0558     3.3298
   49.0000     3.1863     3.0558     3.3298
   49.2500     3.1863     3.0558     3.3298
   49.5000     3.1863     3.0558     3.3298
   49.7500     3.1863     3.0558     3.3298
   50.0000     3.1863     3.0558     3.3298
   50.2500     3.1863     3.0558     3.3298
   50.5000     3.1863     3.0558     3.3298
   50.7500     3.1863     3.0558     3.3298
   51.0000     3.1863     3.0558     3.3298
   51.2500     3.1863     3.0558     3.3298
   51.5000     3.1863     3.0558     3.3298
   51.7500     3.1863     3.0558     3.3298
   52.0000     3.1863     3.0558     3.3298
   52.2500     3.1863     3.0558     3.3298
   52.5000     3.1863     3.0558     3.3298
   52.7500     3.1863     3.0558     3.3298
   53.0000     3.1863     3.0558     3.3298
   53.2500     3.1863     3.0558     3.3298
   53.5000     3.1863     3.0558     3.3298
   53.7500     3.1863     3.0558     3.3298
   54.0000     3.1863     3.0558     3.3298
   54.2500     3.1863     3.0558     3.3298
   54.5000     3.1863     3.0558     3.3298
   54.7500     3.1863     3.0558     3.3298
   55.0000     3.1863     3.0558     3.3298
   55.2500     3.1863     3.0558     3.3298
   55.5000     3.1863     3.0558     3.3298
   55.7500     3.1863     3.0558     3.3298
   56.0000     3.1863     3.0558     3.3298
   56.2500     3.1863     3.0558     3.3298
   56.5000     3.1863     3.0558     3.3298
   56.7500     3.1863     3.0558     3.3298
   57.0000     3.1863     3.0558     3.3298
   57.2500     3.1863     3.0558     3.3298
   57.5000     3.1863     3.0558     3.3298
   57.7500     3.1863     3.0558     3.3298
   58.0000     3.1863     3.0558     3.3298
   58.2500     3.1863     3.0558     3.3298
   58.5000     3.1863     3.0558     3.3298
   58.7500     3.1863     3.0558     3.3298
   59.0000     3.1863     3.0558     3.3298
   59.2500     3.2253     3.0622     3.3963
   59.5000     3.2458     3.0864     3.4926
   59.7500     3.2915     3.1244     3.5664
   60.0000     3.3573     3.2019     3.5856
