# depth_km vs_median_km_s vs_p16 vs_p84
    0.0000     1.7769     1.7750     1.7787
    0.2500     1.7769     1.7750     1.7787
    0.5000     1.7769     1.7750     1.7787
    0.7500     1.7769     1.7750     1.7787
    1.0000     1.7769     1.7750     1.7787
    1.2500     1.7769     1.7750     1.7787
    1.5000     2.6784     2.6730     2.6856
    1.7500     2.6785     2.6731     2.6858
    2.0000     2.6785     2.6731     2.6858
    2.2500     2.6785     2.6731     2.6858
    2.5000     2.6785     2.6731     2.6858
    2.7500     2.6785     2.6731     2.6858
    3.0000     2.6785     2.6731     2.6858
    3.2500     2.6785     2.6731     2.6858
    3.5000     2.6785     2.6731     2.6858
    3.7500     2.6785     2.6731     2.6858
    4.0000     2.6785     2.6731     2.6858
    4.2500     2.6785     2.6731     2.6858
    4.5000     2.6785     2.6731     2.6858
    4.7500     2.6785     2.6731     2.6858
    5.0000     2.6785     2.6731     2.6858
    5.2500     2.6785     2.6731     2.6858
    5.5000     2.7071     2.6646     2.7548
    5.7500     2.7075     2.6407     2.7548
    6.0000     2.7075     2.6407     2.7548
    6.2500     2.7075     2.6407     2.7548
    6.5000     2.7075     2.6407     2.7548
    6.7500     2.7075     2.6407     2.7548
    7.0000     2.7075     2.6407     2.7548
    7.2500     2.7075     2.6407     2.7548
    7.5000     2.7075     2.6407     2.7548
    7.7500     2.7075     2.6407     2.7548
    8.0000     2.7075     2.6407     2.7548
    8.2500     2.7075     2.6407     2.7548
    8.5000     2.7075     2.6407     2.7548
    8.7500     2.7075     2.6407     2.7548
    9.0000     2.7075     2.6407     2.7548
    9.2500     2.7075     2.6407     2.7548
    9.5000     2.7075     2.6407     2.7548
    9.7500     2.7075     2.6407     2.7548
   10.0000     2.7075     2.6407     2.7548
   10.2500     2.7075     2.6407     2.7548
   10.5000     2.7075     2.6407     2.7548
   10.7500     2.7075     2.6407     2.7548
   11.0000     2.7075     2.6407     2.7548
   11.2500     2.7075     2.6407     2.7708
   11.5000     2.9743     2.7101     3.0297
   11.7500     2.9901     2.9352     3.0401
   12.0000     2.9901     2.9352     3.0401
   12.2500     2.9901     2.9352     3.0401
   12.5000     2.9901     2.9352     3.0401
   12.7500     2.9901     2.9352     3.0401
   13.0000     2.9901     2.9352     3.0401
   13.2500     2.9901     2.9352     3.0401
   13.5000     2.9901     2.9352     3.0401
   13.7500     2.9901     2.9352     3.0401
   14.0000     2.9901     2.9352     3.0401
   14.2500     2.9901     2.9352     3.0401
   14.5000     2.9901     2.9352     3.0401
   14.7500     2.9901     2.9352     3.0401
   15.0000     2.9901     2.9352     3.0401
   15.2500     2.9901     2.9352     3.0401
   15.5000     2.9901     2.9352     3.0401
   15.7500     2.9901     2.9352     3.0401
   16.0000     2.9901     2.9352     3.0401
   16.2500     2.9901     2.9352     3.0401
   16.5000     2.9901     2.9352     3.0401
   16.7500     2.9901     2.9352     3.0401
   17.0000     2.9901     2.9352     3.0401
   17.2500     2.9901     2.9352     3.0401
   17.5000     2.9901     2.9352     3.0401
   17.7500     2.9901     2.9352     3.0401
   18.0000     2.9901     2.9352     3.0401
   18.2500     2.9901     2.9352     3.0401
   18.5000     2.9901     2.9352     3.0401
   18.7500     2.9901     2.9352     3.0401
   19.0000     2.9901     2.9352     3.0401
   19.2500     3.0131     2.9352     3.1998
   19.5000     3.0319     2.9378     3.2058
   19.7500     3.1566     2.9661     3.2089
   20.0000     3.1566     3.0336     3.2089
   20.2500     3.1566     3.0336     3.2089
   20.5000     3.1566     3.0336     3.2089
   20.7500     3.1566     3.0336     3.2089
   21.0000     3.1566     3.0336     3.2089
   21.2500     3.1566     3.0336     3.2089
   21.5000     3.1566     3.0336     3.2089
   21.7500     3.1566     3.0336     3.2089
   22.0000     3.1566     3.0336     3.2089
   22.2500     3.1566     3.0336     3.2089
   22.5000     3.1566     3.0336     3.2089
   22.7500     3.1566     3.0336     3.2089
   23.0000     3.1566     3.0336     3.2089
   23.2500     3.1566     3.0336     3.2089
   23.5000     3.1566     3.0336     3.2089
   23.7500     3.1566     3.0336     3.2089
   24.0000     3.1566     3.0336     3.2089
   24.2500     3.1566     3.0336     3.2089
   24.5000     3.1566     3.0336     3.2089
   24.7500     3.1566     3.0336     3.2089
   25.0000     3.1566     3.0336     3.2089
   25.2500     3.1566     3.0336     3.2089
   25.5000     3.1566     3.0336     3.2089
   25.7500     3.1566     3.0336     3.2089
   26.0000     3.1566     3.0336     3.2089
   26.2500     3.1566     3.0336     3.2089
   26.5000     3.1566     3.0336     3.2089
   26.7500     3.1566     3.0336     3.2089
   27.0000     3.1566     3.0336     3.2089
   27.2500     3.1566     3.0336     3.2089
   27.5000     3.1566     3.0336     3.2089
   27.7500     3.1566     3.0336     3.2089
   28.0000     3.1566     3.0336     3.2089
   28.2500     3.1566     3.0336     3.2089
   28.5000     3.1566     3.0336     3.2089
   28.7500     3.1566     3.0336     3.2089
   29.0000     3.1566     3.0336     3.2089
   29.2500     3.1566     3.0336     3.2118
   29.5000     3.2030     3.0336     3.5579
   29.7500     3.3703     3.0386     3.5579
   30.0000     3.4204     3.0584     3.5609
   30.2500     3.4260     3.2347     3.5609
   30.5000     3.4260     3.2415     3.5609
   30.7500     3.4260     3.2415     3.5609
   31.0000     3.4260     3.2415     3.5609
   31.2500     3.4260     3.2415     3.5609
   31.5000     3.4260     3.2415     3.5609
   31.7500     3.4260     3.2415     3.5609
   32.0000     3.4260     3.2415     3.5609
   32.2500     3.4260     3.2415     3.5609
   32.5000     3.4260     3.2415     3.5609
   32.7500     3.4260     3.2415     3.5609
   33.0000     3.4260     3.2415     3.5609
   33.2500     3.4260     3.2415     3.5609
   33.5000     3.4260     3.2415     3.5609
   33.7500     3.4260     3.2415     3.5609
   34.0000     3.4260     3.2415     3.5609
   34.2500     3.4260     3.2415     3.5609
   34.5000     3.4260     3.2415     3.5609
   34.7500     3.4260     3.2415     3.5609
   35.0000     3.4260     3.2415     3.5609
   35.2500     3.4260     3.2415     3.5609
   35.5000     3.4260     3.2415     3.5609
   35.7500     3.4260     3.2415     3.5609
   36.0000     3.4260     3.2415     3.5609
   36.2500     3.4260     3.2415     3.5609
   36.5000     3.4260     3.2415     3.5609
   36.7500     3.4260     3.2415     3.5609
   37.0000     3.4260     3.2415     3.5609
   37.2500     3.4260     3.2415     3.5609
   37.5000     3.4260     3.2415     3.5609
   37.7500     3.4260     3.2415     3.5609
   38.0000     3.4260     3.2415     3.5609
   38.2500     3.4260     3.2415     3.5609
   38.5000     3.4260     3.2415     3.5609
   38.7500     3.4260     3.2415     3.5609
   39.0000     3.4260     3.2415     3.5609
   39.2500     3.4260     3.2415     3.5609
   39.5000     3.4260     3.2415     3.5609
   39.7500     3.4260     3.2415     3.5609
   40.0000     3.4260     3.2415     3.5609
   40.2500     3.4260     3.2415     3.5609
   40.5000     3.4260     3.2415     3.5609
   40.7500     3.4260     3.2415     3.5609
   41.0000     3.4260     3.2415     3.5609
   41.2500     3.4260     3.2415     3.5609
   41.5000     3.4260     3.2415     3.5609
   41.7500     3.4260     3.2415     3.5609
   42.0000     3.4260     3.2415     3.5609
   42.2500     3.4260     3.2415     3.5609
   42.5000     3.4260     3.2415     3.5609
   42.7500     3.4260     3.2415     3.5609
   43.0000     3.4260     3.2415     3.5609
   43.2500     3.4260     3.2415     3.5609
   43.5000     3.4260     3.2415     3.5609
   43.7500     3.4260     3.2415     3.5609
   44.0000     3.4260     3.2415     3.5609
   44.2500     3.4260     3.2415     3.5609
   44.5000     3.4260     3.2415     3.5609
   44.7500     3.4260     3.2415     3.5609
   45.0000     3.4260     3.2415     3.5609
   45.2500     3.4260     3.2415     3.5609
   45.5000     3.4260     3.2415     3.5609
   45.7500     3.4260     3.2415     3.5609
   46.0000     3.4260     3.2415     3.5609
   46.2500     3.4260     3.2415     3.5609
   46.5000     3.4260     3.2415     3.5609
   46.7500     3.4260     3.2415     3.5609
   47.0000     3.4260     3.2415     3.5609
   47.2500     3.4260     3.2415     3.5609
   47.5000     3.4260     3.2415     3.5609
   47.7500     3.4260     3.2415     3.5609
   48.0000     3.4260     3.2415     3.5609
   48.2500     3.4260     3.2415     3.5609
   48.5000     3.4260     3.2415     3.5609
   48.7500     3.4260     3.2415     3.5609
   49.0000     3.4260     3.2415     3.5609
   49.2500     3.4260     3.2415     3.5609
   49.5000     3.4260     3.2415     3.5609
   49.7500     3.4260     3.2415     3.5609
   50.0000     3.4260     3.2415     3.5609
   50.2500     3.4260     3.2415     3.5609
   50.5000     3.4260     3.2415     3.5609
   50.7500     3.4260     3.2415     3.5609
   51.0000     3.4260     3.2415     3.5609
   51.2500     3.4260     3.2415     3.5609
   51.5000     3.4260     3.2415     3.5609
   51.7500     3.4260     3.2415     3.5609
   52.0000     3.4260     3.2415     3.5609
   52.2500     3.4260     3.2415     3.5609
   52.5000     3.4260     3.2415     3.5609
   52.7500     3.4260     3.2415     3.5609
   53.0000     3.4260     3.2415     3.5609
   53.2500     3.4260     3.2415     3.5609
   53.5000     3.4260     3.2415     3.5609
   53.7500     3.4260     3.2415     3.5609
   54.0000     3.4260     3.2415     3.5609
   54.2500     3.4260     3.2415     3.5609
   54.5000     3.4260     3.2415     3.5609
   54.7500     3.4260     3.2415     3.5609
   55.0000     3.4260     3.2415     3.5609
   55.2500     3.4260     3.2415     3.5609
   55.5000     3.4260     3.2415     3.5609
   55.7500     3.4260     3.2415     3.5609
   56.0000     3.4260     3.2415     3.5609
   56.2500     3.4260     3.2415     3.5609
   56.5000     3.4260     3.2415     3.5609
   56.7500     3.4260     3.2415     3.5609
   57.0000     3.4260     3.2415     3.5609
   57.2500     3.4260     3.2415     3.5609
   57.5000     3.4260     3.2415     3.5609
   57.7500     3.4260     3.2415     3.5609
   58.0000     3.4260     3.2415     3.5609
   58.2500     3.4260     3.2415     3.5609
   58.5000     3.4260     3.2451     3.5609
   58.7500     3.5078     3.2596     3.6182
   59.0000     3.5374     3.2596     3.6824
   59.2500     3.5431     3.2596     3.8057
   59.5000     3.5602     3.2917     3.9696
   59.7500     3.6502     3.3781     4.0199
   60.0000     3.6509     3.4820     4.0199
