# depth_km vs_median_km_s vs_p16 vs_p84
    0.0000     1.7156     1.7127     1.7183
    0.2500     1.7156     1.7127     1.7183
    0.5000     1.7156     1.7127     1.7183
    0.7500     1.7156     1.7127     1.7183
    1.0000     1.7156     1.7127     1.7183
    1.2500     1.7156     1.7127     1.7183
    1.5000     1.7156     1.7127     1.7183
    1.7500     3.8500     3.7633     3.8907
    2.0000     3.8500     3.7633     3.8907
    2.2500     3.8500     3.7633     3.8907
    2.5000     3.8500     3.7633     3.8907
    2.7500     3.8500     3.7633     3.8907
    3.0000     3.8500     3.7633     3.8907
    3.2500     3.8500     3.7633     3.8907
    3.5000     3.8500     3.7633     3.8907
    3.7500     3.8500     3.7633     3.8907
    4.0000     3.8500     3.7633     3.8907
    4.2500     3.8500     3.7633     3.8907
    4.5000     3.8500     3.7633     3.8907
    4.7500     3.8500     3.7633     3.8907
    5.0000     3.8500     3.7633     3.8907
    5.2500     3.8500     3.7633     3.8907
    5.5000     3.8500     3.7482     3.8907
    5.7500     2.4707     2.2872     3.8445
    6.0000     2.4707     2.2872     2.7236
    6.2500     2.4707     2.2872     2.7236
    6.5000     2.4707     2.2872     2.7236
    6.7500     2.4707     2.2872     2.7236
    7.0000     2.4707     2.2872     2.7236
    7.2500     2.4707     2.2872     2.7236
    7.5000     2.4707     2.2872     2.7236
    7.7500     2.4707     2.2872     2.7236
    8.0000     2.4707     2.2872     2.7236
    8.2500     2.4707     2.2872     2.7236
    8.5000     2.4707     2.2872     2.7236
    8.7500     2.4707     2.2872     2.7236
    9.0000     2.4707     2.2872     2.7236
    9.2500     2.4707     2.2872     2.7236
    9.5000     2.4707     2.2872     2.7236
    9.7500     2.4707     2.2872     2.7236
   10.0000     2.4707     2.2872     2.7236
   10.2500     2.4707     2.2872     2.7236
   10.5000     2.4707     2.2872     2.7236
   10.7500     2.4707     2.2872     2.7236
   11.0000     2.4707     2.2872     2.7236
   11.2500     2.4707     2.2872     2.7236
   11.5000     2.5543     2.2872     2.8951
   11.7500     2.8156     2.6873     2.8969
   12.0000     2.8156     2.7266     2.8969
   12.2500     2.8156     2.7266     2.8969
   12.5000     2.8156     2.7266     2.8969
   12.7500     2.8156     2.7266     2.8969
   13.0000     2.8156     2.7266     2.8969
   13.2500     2.8156     2.7266     2.8969
   13.5000     2.8156     2.7266     2.8969
   13.7500     2.8156     2.7266     2.8969
   14.0000     2.8156     2.7266     2.8969
   14.2500     2.8156     2.7266     2.8969
   14.5000     2.8156     2.7266     2.8969
   14.7500     2.8156     2.7266     2.8969
   15.0000     2.8156     2.7266     2.8969
   15.2500     2.8156     2.7266     2.8969
   15.5000     2.8156     2.7266     2.8969
   15.7500     2.8156     2.7266     2.8969
   16.0000     2.8156     2.7266     2.8969
   16.2500     2.8156     2.7266     2.8969
   16.5000     2.8156     2.7266     2.8969
   16.7500     2.8156     2.7266     2.8969
   17.0000     2.8156     2.7266     2.8969
   17.2500     2.8156     2.7266     2.8969
   17.5000     2.8156     2.7266     2.8969
   17.7500     2.8156     2.7266     2.8969
   18.0000     2.8156     2.7266     2.8969
   18.2500     2.8156     2.7266     2.8969
   18.5000     2.8156     2.7266     2.8969
   18.7500     2.8156     2.7266     2.8969
   19.0000     2.8156     2.7266     2.8969
   19.2500     2.8156     2.7266     2.9187
   19.5000     2.8200     2.7266     3.1995
   19.7500     3.0817     2.7473     3.1995
   20.0000     3.0818     2.9628     3.1995
   20.2500     3.0818     2.9628     3.1995
   20.5000     3.0818     2.9628     3.1995
   20.7500     3.0818     2.9628     3.1995
   21.0000     3.0818     2.9628     3.1995
   21.2500     3.0818     2.9628     3.1995
   21.5000     3.0818     2.9628     3.1995
   21.7500     3.0818     2.9628     3.1995
   22.0000     3.0818     2.9628     3.1995
   22.2500     3.0818     2.9628     3.1995
   22.5000     3.0818     2.9628     3.1995
   22.7500     3.0818     2.9628     3.1995
   23.0000     3.0818     2.9628     3.1995
   23.2500     3.0818     2.9628     3.1995
   23.5000     3.0818     2.9628     3.1995
   23.7500     3.0818     2.9628     3.1995
   24.0000     3.0818     2.9628     3.1995
   24.2500     3.0818     2.9628     3.1995
   24.5000     3.0818     2.9628     3.1995
   24.7500     3.0818     2.9628     3.1995
   25.0000     3.0818     2.9628     3.1995
   25.2500     3.0818     2.9628     3.1995
   25.5000     3.0818     2.9628     3.1995
   25.7500     3.0818     2.9628     3.1995
   26.0000     3.0818     2.9628     3.1995
   26.2500     3.0818     2.9628     3.1995
   26.5000     3.0818     2.9628     3.1995
   26.7500     3.0818     2.9628     3.1995
   27.0000     3.0818     2.9628     3.1995
   27.2500     3.0818     2.9628     3.1995
   27.5000     3.0818     2.9628     3.1995
   27.7500     3.0818     2.9628     3.1995
   28.0000     3.0818     2.9628     3.1995
   28.2500     3.0818     2.9628     3.1995
   28.5000     3.0818     2.9628     3.1995
   28.7500     3.0818     2.9628     3.1995
   29.0000     3.0818     2.9628     3.1995
   29.2500     3.0825     2.9628     3.2232
   29.5000     3.1021     2.9628     3.8935
   29.7500     3.6755     2.9910     3.8935
   30.0000     3.7158     3.5495     3.8935
   30.2500     3.7158     3.5495     3.8935
   30.5000     3.7158     3.5495     3.8935
   30.7500     3.7158     3.5495     3.8935
   31.0000     3.7158     3.5495     3.8935
   31.2500     3.7158     3.5495     3.8935
   31.5000     3.7158     3.5495     3.8935
   31.7500     3.7158     3.5495     3.8935
   32.0000     3.7158     3.5495     3.8935
   32.2500     3.7158     3.5495     3.8935
   32.5000     3.7158     3.5495     3.8935
   32.7500     3.7158     3.5495     3.8935
   33.0000     3.7158     3.5495     3.8935
   33.2500     3.7158     3.5495     3.8935
   33.5000     3.7158     3.5495     3.8935
   33.7500     3.7158     3.5495     3.8935
   34.0000     3.7158     3.5495     3.8935
   34.2500     3.7158     3.5495     3.8935
   34.5000     3.7158     3.5495     3.8935
   34.7500     3.7158     3.5495     3.8935
   35.0000     3.7158     3.5495     3.8935
   35.2500     3.7158     3.5495     3.8935
   35.5000     3.7158     3.5495     3.8935
   35.7500     3.7158     3.5495     3.8935
   36.0000     3.7158     3.5495     3.8935
   36.2500     3.7158     3.5495     3.8935
   36.5000     3.7158     3.5495     3.8935
   36.7500     3.7158     3.5495     3.8935
   37.0000     3.7158     3.5495     3.8935
   37.2500     3.7158     3.5495     3.8935
   37.5000     3.7158     3.5495     3.8935
   37.7500     3.7158     3.5495     3.8935
   38.0000     3.7158     3.5495     3.8935
   38.2500     3.7158     3.5495     3.8935
   38.5000     3.7158     3.5495     3.8935
   38.7500     3.7158     3.5495     3.8935
   39.0000     3.7158     3.5495     3.8935
   39.2500     3.7158     3.5495     3.8935
   39.5000     3.7158     3.5495     3.8935
   39.7500     3.7158     3.5495     3.8935
   40.0000     3.7158     3.5495     3.8935
   40.2500     3.7158     3.5495     3.8935
   40.5000     3.7158     3.5495     3.8935
   40.7500     3.7158     3.5495     3.8935
   41.0000     3.7158     3.5495     3.8935
   41.2500     3.7158     3.5495     3.8935
   41.5000     3.7158     3.5495     3.8935
   41.7500     3.7158     3.5495     3.8935
   42.0000     3.7158     3.5495     3.8935
   42.2500     3.7158     3.5495     3.8935
   42.5000     3.7158     3.5495     3.8935
   42.7500     3.7158     3.5495     3.8935
   43.0000     3.7158     3.5495     3.8935
   43.2500     3.7158     3.5495     3.8935
   43.5000     3.7158     3.5495     3.8935
   43.7500     3.7158     3.5495     3.8935
   44.0000     3.7158     3.5495     3.8935
   44.2500     3.7158     3.5495     3.8935
   44.5000     3.7158     3.5495     3.8935
   44.7500     3.7158     3.5495     3.8935
   45.0000     3.7158     3.5495     3.8935
   45.2500     3.7158     3.5495     3.8935
   45.5000     3.7158     3.5495     3.8935
   45.7500     3.7158     3.5495     3.8935
   46.0000     3.7158     3.5495     3.8935
   46.2500     3.7158     3.5495     3.8935
   46.5000     3.7158     3.5495     3.8935
   46.7500     3.7158     3.5495     3.8935
   47.0000     3.7158     3.5495     3.8935
   47.2500     3.7158     3.5495     3.8935
   47.5000     3.7158     3.5495     3.8935
   47.7500     3.7158     3.5495     3.8935
   48.0000     3.7158     3.5495     3.8935
   48.2500     3.7158     3.5495     3.8935
   48.5000     3.7158     3.5495     3.8935
   48.7500     3.7158     3.5495     3.8935
   49.0000     3.7158     3.5495     3.8935
   49.2500     3.7158     3.5495     3.8935
   49.5000     3.7158     3.5495     3.8935
   49.7500     3.7158     3.5495     3.8935
   50.0000     3.7158     3.5495     3.8935
   50.2500     3.7158     3.5495     3.8935
   50.5000     3.7158     3.5495     3.8935
   50.7500     3.7158     3.5495     3.8935
   51.0000     3.7158     3.5495     3.8935
   51.2500     3.7158     3.5495     3.8935
   51.5000     3.7158     3.5495     3.8935
   51.7500     3.7158     3.5495     3.8935
   52.0000     3.7158     3.5495     3.8935
   52.2500     3.7158     3.5495     3.8935
   52.5000     3.7158     3.5495     3.8935
   52.7500     3.7158     3.5495     3.8935
   53.0000     3.7158     3.5495     3.8935
   53.2500     3.7158     3.5495     3.8935
   53.5000     3.7158     3.5495     3.8935
   53.7500     3.7158     3.5495     3.8935
   54.0000     3.7158     3.5495     3.8935
   54.2500     3.7158     3.5495     3.8935
   54.5000     3.7158     3.5495     3.8935
   54.7500     3.7158     3.5495     3.8935
   55.0000     3.7158     3.5495     3.8935
   55.2500     3.7158     3.5495     3.8935
   55.5000     3.7158     3.5495     3.8935
   55.7500     3.7158     3.5495     3.8935
   56.0000     3.7158     3.5495     3.8935
   56.2500     3.7158     3.5495     3.8935
   56.5000     3.7158     3.5495     3.8935
   56.7500     3.7158     3.5495     3.8935
   57.0000     3.7158     3.5495     3.8935
   57.2500     3.7158     3.5495     3.8935
   57.5000     3.7158     3.5495     3.8935
   57.7500     3.7158     3.5495     3.8935
   58.0000     3.7158     3.5495     3.8935
   58.2500     3.7158     3.5495     3.8935
   58.5000     3.7158     3.5495     3.8935
   58.7500     3.7391     3.5495     3.9012
   59.0000     3.7881     3.5495     4.1345
   59.2500     3.7891     3.5495     4.1383
   59.5000     3.8172     3.6277     4.2041
   59.7500     4.0160     3.6500     4.2336
   60.0000     4.1740     3.6803     4.3277
