# depth_km vs_median_km_s vs_p16 vs_p84
    0.0000     1.9504     1.9472     1.9535
    0.2500     1.9504     1.9472     1.9535
    0.5000     1.9504     1.9472     1.9535
    0.7500     1.9504     1.9472     1.9535
    1.0000     1.9504     1.9472     1.9535
    1.2500     1.9504     1.9472     1.9535
    1.5000     1.9504     1.9472     1.9535
    1.7500     1.9504     1.9472     1.9535
    2.0000     1.9508     1.9476     1.9542
    2.2500     2.4135     2.3871     2.4425
    2.5000     2.4135     2.3871     2.4425
    2.7500     2.4135     2.3871     2.4425
    3.0000     2.4135     2.3871     2.4425
    3.2500     2.4135     2.3871     2.4425
    3.5000     2.4135     2.3871     2.4425
    3.7500     2.4135     2.3871     2.4425
    4.0000     2.4135     2.3871     2.4425
    4.2500     2.4135     2.3871     2.4425
    4.5000     2.4135     2.3871     2.4425
    4.7500     2.4135     2.3871     2.4425
    5.0000     2.4135     2.3871     2.4425
    5.2500     2.4135     2.3871     2.4425
    5.5000     2.4135     2.3871     2.4425
    5.7500     2.4255     2.3963     2.4623
    6.0000     2.5867     2.4584     2.6550
    6.2500     2.5976     2.5477     2.6556
    6.5000     2.5976     2.5477     2.6556
    6.7500     2.5976     2.5477     2.6556
    7.0000     2.5976     2.5477     2.6556
    7.2500     2.5976     2.5477     2.6556
    7.5000     2.5976     2.5477     2.6556
    7.7500     2.5976     2.5477     2.6556
    8.0000     2.5976     2.5477     2.6556
    8.2500     2.5976     2.5477     2.6556
    8.5000     2.5976     2.5477     2.6556
    8.7500     2.5976     2.5477     2.6556
    9.0000     2.5976     2.5477     2.6556
    9.2500     2.5976     2.5477     2.6556
    9.5000     2.5976     2.5477     2.6556
    9.7500     2.5976     2.5477     2.6556
   10.0000     2.5976     2.5477     2.6556
   10.2500     2.5976     2.5477     2.6556
   10.5000     2.5976     2.5477     2.6556
   10.7500     2.5976     2.5477     2.6556
   11.0000     2.5976     2.5477     2.6556
   11.2500     2.5976     2.5477     2.6556
   11.5000     2.5976     2.5477     2.6556
   11.7500     2.6559     2.5667     2.7903
   12.0000     2.7789     2.7075     2.8832
   12.2500     2.7952     2.7249     2.8897
   12.5000     2.7952     2.7249     2.8897
   12.7500     2.7952     2.7249     2.8897
   13.0000     2.7952     2.7249     2.8897
   13.2500     2.7952     2.7249     2.8897
   13.5000     2.7952     2.7249     2.8897
   13.7500     2.7952     2.7249     2.8897
   14.0000     2.7952     2.7249     2.8897
   14.2500     2.7952     2.7249     2.8897
   14.5000     2.7952     2.7249     2.8897
   14.7500     2.7952     2.7249     2.8897
   15.0000     2.7952     2.7249     2.8897
   15.2500     2.7952     2.7249     2.8897
   15.5000     2.7952     2.7249     2.8897
   15.7500     2.7952     2.7249     2.8897
   16.0000     2.7952     2.7249     2.8897
   16.2500     2.7952     2.7249     2.8897
   16.5000     2.7952     2.7249     2.8897
   16.7500     2.7952     2.7249     2.8897
   17.0000     2.7952     2.7249     2.8897
   17.2500     2.7952     2.7249     2.8897
   17.5000     2.7952     2.7249     2.8897
   17.7500     2.7952     2.7249     2.8897
   18.0000     2.7952     2.7249     2.8897
   18.2500     2.7952     2.7249     2.8897
   18.5000     2.7952     2.7249     2.8897
   18.7500     2.7952     2.7249     2.8897
   19.0000     2.7952     2.7249     2.8897
   19.2500     2.7952     2.7249     2.8897
   19.5000     2.8028     2.7273     2.8989
   19.7500     2.8074     2.7286     2.9192
   20.0000     2.8338     2.7326     2.9712
   20.2500     2.8413     2.7316     2.9754
   20.5000     2.8413     2.7316     2.9843
   20.7500     2.8413     2.7316     2.9843
   21.0000     2.8413     2.7316     2.9843
   21.2500     2.8413     2.7316     2.9843
   21.5000     2.8413     2.7316     2.9843
   21.7500     2.8413     2.7316     2.9843
   22.0000     2.8413     2.7316     2.9843
   22.2500     2.8413     2.7316     2.9843
   22.5000     2.8413     2.7316     2.9843
   22.7500     2.8413     2.7316     2.9843
   23.0000     2.8413     2.7316     2.9843
   23.2500     2.8413     2.7316     2.9843
   23.5000     2.8413     2.7316     2.9843
   23.7500     2.8413     2.7316     2.9843
   24.0000     2.8413     2.7316     2.9843
   24.2500     2.8413     2.7316     2.9843
   24.5000     2.8413     2.7316     2.9843
   24.7500     2.8413     2.7316     2.9843
   25.0000     2.8413     2.7316     2.9843
   25.2500     2.8413     2.7316     2.9843
   25.5000     2.8413     2.7316     2.9843
   25.7500     2.8413     2.7316     2.9843
   26.0000     2.8413     2.7316     2.9843
   26.2500     2.8413     2.7316     2.9843
   26.5000     2.8413     2.7316     2.9843
   26.7500     2.8413     2.7316     2.9843
   27.0000     2.8413     2.7316     2.9843
   27.2500     2.8413     2.7316     2.9843
   27.5000     2.8413     2.7316     2.9843
   27.7500     2.8413     2.7316     2.9843
   28.0000     2.8413     2.7316     2.9843
   28.2500     2.8413     2.7316     2.9843
   28.5000     2.8413     2.7316     2.9843
   28.7500     2.8413     2.7316     2.9843
   29.0000     2.8413     2.7316     2.9843
   29.2500     2.8413     2.7316     2.9843
   29.5000     2.8451     2.7330     2.9960
   29.7500     2.8537     2.7330     3.0174
   30.0000     2.8623     2.7341     3.0341
   30.2500     2.8745     2.7454     3.0406
   30.5000     2.8745     2.7454     3.0484
   30.7500     2.8745     2.7454     3.0484
   31.0000     2.8745     2.7454     3.0484
   31.2500     2.8745     2.7454     3.0484
   31.5000     2.8745     2.7454     3.0484
   31.7500     2.8745     2.7454     3.0484
   32.0000     2.8745     2.7454     3.0484
   32.2500     2.8745     2.7454     3.0484
   32.5000     2.8745     2.7454     3.0484
   32.7500     2.8745     2.7454     3.0484
   33.0000     2.8745     2.7454     3.0484
   33.2500     2.8745     2.7454     3.0484
   33.5000     2.8745     2.7454     3.0484
   33.7500     2.8745     2.7454     3.0484
   34.0000     2.8745     2.7454     3.0484
   34.2500     2.8745     2.7454     3.0484
   34.5000     2.8745     2.7454     3.0484
   34.7500     2.8745     2.7454     3.0484
   35.0000     2.8745     2.7454     3.0484
   35.2500     2.8745     2.7454     3.0484
   35.5000     2.8745     2.7454     3.0484
   35.7500     2.8745     2.7454     3.0484
   36.0000     2.8745     2.7454     3.0484
   36.2500     2.8745     2.7454     3.0484
   36.5000     2.8745     2.7454     3.0484
   36.7500     2.8745     2.7454     3.0484
   37.0000     2.8745     2.7454     3.0484
   37.2500     2.8745     2.7454     3.0484
   37.5000     2.8745     2.7454     3.0484
   37.7500     2.8745     2.7454     3.0484
   38.0000     2.8745     2.7454     3.0484
   38.2500     2.8745     2.7454     3.0484
   38.5000     2.8745     2.7454     3.0484
   38.7500     2.8745     2.7454     3.0484
   39.0000     2.8745     2.7454     3.0484
   39.2500     2.8745     2.7454     3.0484
   39.5000     2.8745     2.7454     3.0484
   39.7500     2.8745     2.7454     3.0484
   40.0000     2.8745     2.7454     3.0484
   40.2500     2.8745     2.7454     3.0484
   40.5000     2.8745     2.7454     3.0484
   40.7500     2.8745     2.7454     3.0484
   41.0000     2.8745     2.7454     3.0484
   41.2500     2.8745     2.7454     3.0484
   41.5000     2.8745     2.7454     3.0484
   41.7500     2.8745     2.7454     3.0484
   42.0000     2.8745     2.7454     3.0484
   42.2500     2.8745     2.7454     3.0484
   42.5000     2.8745     2.7454     3.0484
   42.7500     2.8745     2.7454     3.0484
   43.0000     2.8745     2.7454     3.0484
   43.2500     2.8745     2.7454     3.0484
   43.5000     2.8745     2.7454     3.0484
   43.7500     2.8745     2.7454     3.0484
   44.0000     2.8745     2.7454     3.0484
   44.2500     2.8745     2.7454     3.0484
   44.5000     2.8745     2.7454     3.0484
   44.7500     2.8745     2.7454     3.0484
   45.0000     2.8745     2.7454     3.0484
   45.2500     2.8745     2.7454     3.0484
   45.5000     2.8745     2.7454     3.0484
   45.7500     2.8745     2.7454     3.0484
   46.0000     2.8745     2.7454     3.0484
   46.2500     2.8745     2.7454     3.0484
   46.5000     2.8745     2.7454     3.0484
   46.7500     2.8745     2.7454     3.0484
   47.0000     2.8745     2.7454     3.0484
   47.2500     2.8745     2.7454     3.0484
   47.5000     2.8745     2.7454     3.0484
   47.7500     2.8745     2.7454     3.0484
   48.0000     2.8745     2.7454     3.0484
   48.2500     2.8745     2.7454     3.0484
   48.5000     2.8745     2.7454     3.0484
   48.7500     2.8745     2.7454     3.0484
   49.0000     2.8745     2.7454     3.0484
   49.2500     2.8745     2.7454     3.0484
   49.5000     2.8745     2.7454     3.0484
   49.7500     2.8745     2.7454     3.0484
   50.0000     2.8745     2.7454     3.0484
   50.2500     2.8745     2.7454     3.0484
   50.5000     2.8745     2.7454     3.0484
   50.7500     2.8745     2.7454     3.0484
   51.0000     2.8745     2.7454     3.0484
   51.2500     2.8745     2.7454     3.0484
   51.5000     2.8745     2.7454     3.0484
   51.7500     2.8745     2.7454     3.0484
   52.0000     2.8745     2.7454     3.0484
   52.2500     2.8745     2.7454     3.0484
   52.5000     2.8745     2.7454     3.0484
   52.7500     2.8745     2.7454     3.0484
   53.0000     2.8745     2.7454     3.0484
   53.2500     2.8745     2.7454     3.0484
   53.5000     2.8745     2.7454     3.0484
   53.7500     2.8745     2.7454     3.0484
   54.0000     2.8745     2.7454     3.0484
   54.2500     2.8745     2.7454     3.0484
   54.5000     2.8745     2.7454     3.0484
   54.7500     2.8745     2.7454     3.0484
   55.0000     2.8745     2.7454     3.0484
   55.2500     2.8745     2.7454     3.0484
   55.5000     2.8745     2.7454     3.0484
   55.7500     2.8745     2.7454     3.0484
   56.0000     2.8745     2.7454     3.0484
   56.2500     2.8745     2.7454     3.0484
   56.5000     2.8745     2.7454     3.0484
   56.7500     2.8745     2.7454     3.0484
   57.0000     2.8745     2.7454     3.0484
   57.2500     2.8745     2.7454     3.0484
   57.5000     2.8745     2.7454     3.0484
   57.7500     2.8745     2.7454     3.0484
   58.0000     2.8745     2.7454     3.0484
   58.2500     2.8745     2.7454     3.0484
   58.5000     2.8745     2.7454     3.0484
   58.7500     2.8745     2.7454     3.0484
   59.0000     2.8745     2.7454     3.0484
   59.2500     2.9041     2.7480     3.0786
   59.5000     2.9047     2.7493     3.0936
   59.7500     2.9640     2.7948     3.1371
   60.0000     2.9766     2.8412     3.1371
