# depth_km vs_median_km_s vs_p16 vs_p84
    0.0000     1.9785     1.9747     1.9827
    0.2500     1.9785     1.9747     1.9827
    0.5000     1.9785     1.9747     1.9827
    0.7500     1.9785     1.9747     1.9827
    1.0000     1.9785     1.9747     1.9827
    1.2500     1.9785     1.9747     1.9827
    1.5000     1.9785     1.9747     1.9827
    1.7500     2.9811     1.9829     2.9970
    2.0000     2.9918     2.9522     3.0088
    2.2500     2.9918     2.9522     3.0088
    2.5000     2.9918     2.9522     3.0088
    2.7500     2.9918     2.9522     3.0088
    3.0000     2.9918     2.9522     3.0088
    3.2500     2.9918     2.9522     3.0088
    3.5000     2.9918     2.9522     3.0088
    3.7500     2.9918     2.9522     3.0088
    4.0000     2.9918     2.9522     3.0088
    4.2500     2.9918     2.9522     3.0088
    4.5000     2.9918     2.9522     3.0088
    4.7500     2.9918     2.9522     3.0088
    5.0000     2.9918     2.9522     3.0088
    5.2500     2.9918     2.9522     3.0088
    5.5000     2.9918     2.9522     3.0088
    5.7500     3.0693     2.9522     3.0951
    6.0000     3.0765     2.9407     3.0960
    6.2500     3.0765     2.9407     3.0960
    6.5000     3.0765     2.9407     3.0960
    6.7500     3.0765     2.9407     3.0960
    7.0000     3.0765     2.9407     3.0960
    7.2500     3.0765     2.9407     3.0960
    7.5000     3.0765     2.9407     3.0960
    7.7500     3.0765     2.9407     3.0960
    8.0000     3.0765     2.9407     3.0960
    8.2500     3.0765     2.9407     3.0960
    8.5000     3.0765     2.9407     3.0960
    8.7500     3.0765     2.9407     3.0960
    9.0000     3.0765     2.9407     3.0960
    9.2500     3.0765     2.9407     3.0960
    9.5000     3.0765     2.9407     3.0960
    9.7500     3.0765     2.9407     3.0960
   10.0000     3.0765     2.9407     3.0960
   10.2500     3.0765     2.9407     3.0960
   10.5000     3.0765     2.9407     3.0960
   10.7500     3.0765     2.9407     3.0960
   11.0000     3.0765     2.9407     3.0960
   11.2500     3.0765     2.9407     3.0960
   11.5000     3.0768     2.9407     3.0963
   11.7500     3.3049     2.9407     3.3409
   12.0000     3.3049     2.9851     3.3409
   12.2500     3.3049     2.9851     3.3409
   12.5000     3.3049     2.9851     3.3409
   12.7500     3.3049     2.9851     3.3409
   13.0000     3.3049     2.9851     3.3409
   13.2500     3.3049     2.9851     3.3409
   13.5000     3.3049     2.9851     3.3409
   13.7500     3.3049     2.9851     3.3409
   14.0000     3.3049     2.9851     3.3409
   14.2500     3.3049     2.9851     3.3409
   14.5000     3.3049     2.9851     3.3409
   14.7500     3.3049     2.9851     3.3409
   15.0000     3.3049     2.9851     3.3409
   15.2500     3.3049     2.9851     3.3409
   15.5000     3.3049     2.9851     3.3409
   15.7500     3.3049     2.9851     3.3409
   16.0000     3.3049     2.9851     3.3409
   16.2500     3.3049     2.9851     3.3409
   16.5000     3.3049     2.9851     3.3409
   16.7500     3.3049     2.9851     3.3409
   17.0000     3.3049     2.9851     3.3409
   17.2500     3.3049     2.9851     3.3409
   17.5000     3.3049     2.9851     3.3409
   17.7500     3.3049     2.9851     3.3409
   18.0000     3.3049     2.9851     3.3409
   18.2500     3.3049     2.9851     3.3409
   18.5000     3.3049     2.9851     3.3409
   18.7500     3.3049     2.9851     3.3409
   19.0000     3.3049     2.9851     3.3409
   19.2500     3.3049     2.9851     3.3411
   19.5000     3.3085     2.9851     3.3463
   19.7500     3.3061     2.9851     3.3471
   20.0000     3.2973     2.9851     3.3484
   20.2500     3.2901     2.9690     3.3484
   20.5000     3.2901     2.9477     3.3484
   20.7500     3.2901     2.9477     3.3484
   21.0000     3.2901     2.9477     3.3484
   21.2500     3.2901     2.9477     3.3484
   21.5000     3.2901     2.9477     3.3484
   21.7500     3.2901     2.9477     3.3484
   22.0000     3.2901     2.9477     3.3484
   22.2500     3.2901     2.9477     3.3484
   22.5000     3.2901     2.9477     3.3484
   22.7500     3.2901     2.9477     3.3484
   23.0000     3.2901     2.9477     3.3484
   23.2500     3.2901     2.9477     3.3484
   23.5000     3.2901     2.9477     3.3484
   23.7500     3.2901     2.9477     3.3484
   24.0000     3.2901     2.9477     3.3484
   24.2500     3.2901     2.9477     3.3484
   24.5000     3.2901     2.9477     3.3484
   24.7500     3.2901     2.9477     3.3484
   25.0000     3.2901     2.9477     3.3484
   25.2500     3.2901     2.9477     3.3484
   25.5000     3.2901     2.9477     3.3484
   25.7500     3.2901     2.9477     3.3484
   26.0000     3.2901     2.9477     3.3484
   26.2500     3.2901     2.9477     3.3484
   26.5000     3.2901     2.9477     3.3484
   26.7500     3.2901     2.9477     3.3484
   27.0000     3.2901     2.9477     3.3484
   27.2500     3.2901     2.9477     3.3484
   27.5000     3.2901     2.9477     3.3484
   27.7500     3.2901     2.9477     3.3484
   28.0000     3.2901     2.9477     3.3484
   28.2500     3.2901     2.9477     3.3484
   28.5000     3.2901     2.9477     3.3484
   28.7500     3.2901     2.9477     3.3484
   29.0000     3.2901     2.9477     3.3484
   29.2500     3.2901     2.9477     3.3629
   29.5000     3.2901     2.9477     3.4004
   29.7500     3.3435     2.9477     3.4237
   30.0000     3.3588     2.9477     3.4281
   30.2500     3.3588     2.9477     3.4281
   30.5000     3.3604     3.0294     3.4281
   30.7500     3.3604     3.0294     3.4281
   31.0000     3.3604     3.0294     3.4281
   31.2500     3.3604     3.0294     3.4281
   31.5000     3.3604     3.0294     3.4281
   31.7500     3.3604     3.0294     3.4281
   32.0000     3.3604     3.0294     3.4281
   32.2500     3.3604     3.0294     3.4281
   32.5000     3.3604     3.0294     3.4281
   32.7500     3.3604     3.0294     3.4281
   33.0000     3.3604     3.0294     3.4281
   33.2500     3.3604     3.0294     3.4281
   33.5000     3.3604     3.0294     3.4281
   33.7500     3.3604     3.0294     3.4281
   34.0000     3.3604     3.0294     3.4281
   34.2500     3.3604     3.0294     3.4281
   34.5000     3.3604     3.0294     3.4281
   34.7500     3.3604     3.0294     3.4281
   35.0000     3.3604     3.0294     3.4281
   35.2500     3.3604     3.0294     3.4281
   35.5000     3.3604     3.0294     3.4281
   35.7500     3.3604     3.0294     3.4281
   36.0000     3.3604     3.0294     3.4281
   36.2500     3.3604     3.0294     3.4281
   36.5000     3.3604     3.0294     3.4281
   36.7500     3.3604     3.0294     3.4281
   37.0000     3.3604     3.0294     3.4281
   37.2500     3.3604     3.0294     3.4281
   37.5000     3.3604     3.0294     3.4281
   37.7500     3.3604     3.0294     3.4281
   38.0000     3.3604     3.0294     3.4281
   38.2500     3.3604     3.0294     3.4281
   38.5000     3.3604     3.0294     3.4281
   38.7500     3.3604     3.0294     3.4281
   39.0000     3.3604     3.0294     3.4281
   39.2500     3.3604     3.0294     3.4281
   39.5000     3.3604     3.0294     3.4281
   39.7500     3.3604     3.0294     3.4281
   40.0000     3.3604     3.0294     3.4281
   40.2500     3.3604     3.0294     3.4281
   40.5000     3.3604     3.0294     3.4281
   40.7500     3.3604     3.0294     3.4281
   41.0000     3.3604     3.0294     3.4281
   41.2500     3.3604     3.0294     3.4281
   41.5000     3.3604     3.0294     3.4281
   41.7500     3.3604     3.0294     3.4281
   42.0000     3.3604     3.0294     3.4281
   42.2500     3.3604     3.0294     3.4281
   42.5000     3.3604     3.0294     3.4281
   42.7500     3.3604     3.0294     3.4281
   43.0000     3.3604     3.0294     3.4281
   43.2500     3.3604     3.0294     3.4281
   43.5000     3.3604     3.0294     3.4281
   43.7500     3.3604     3.0294     3.4281
   44.0000     3.3604     3.0294     3.4281
   44.2500     3.3604     3.0294     3.4281
   44.5000     3.3604     3.0294     3.4281
   44.7500     3.3604     3.0294     3.4281
   45.0000     3.3604     3.0294     3.4281
   45.2500     3.3604     3.0294     3.4281
   45.5000     3.3604     3.0294     3.4281
   45.7500     3.3604     3.0294     3.4281
   46.0000     3.3604     3.0294     3.4281
   46.2500     3.3604     3.0294     3.4281
   46.5000     3.3604     3.0294     3.4281
   46.7500     3.3604     3.0294     3.4281
   47.0000     3.3604     3.0294     3.4281
   47.2500     3.3604     3.0294     3.4281
   47.5000     3.3604     3.0294     3.4281
   47.7500     3.3604     3.0294     3.4281
   48.0000     3.3604     3.0294     3.4281
   48.2500     3.3604     3.0294     3.4281
   48.5000     3.3604     3.0294     3.4281
   48.7500     3.3604     3.0294     3.4281
   49.0000     3.3604     3.0294     3.4281
   49.2500     3.3604     3.0294     3.4281
   49.5000     3.3604     3.0294     3.4281
   49.7500     3.3604     3.0294     3.4281
   50.0000     3.3604     3.0294     3.4281
   50.2500     3.3604     3.0294     3.4281
   50.5000     3.3604     3.0294     3.4281
   50.7500     3.3604     3.0294     3.4281
   51.0000     3.3604     3.0294     3.4281
   51.2500     3.3604     3.0294     3.4281
   51.5000     3.3604     3.0294     3.4281
   51.7500     3.3604     3.0294     3.4281
   52.0000     3.3604     3.0294     3.4281
   52.2500     3.3604     3.0294     3.4281
   52.5000     3.3604     3.0294     3.4281
   52.7500     3.3604     3.0294     3.4281
   53.0000     3.3604     3.0294     3.4281
   53.2500     3.3604     3.0294     3.4281
   53.5000     3.3604     3.0294     3.4281
   53.7500     3.3604     3.0294     3.4281
   54.0000     3.3604     3.0294     3.4281
   54.2500     3.3604     3.0294     3.4281
   54.5000     3.3604     3.0294     3.4281
   54.7500     3.3604     3.0294     3.4281
   55.0000     3.3604     3.0294     3.4281
   55.2500     3.3604     3.0294     3.4281
   55.5000     3.3604     3.0294     3.4281
   55.7500     3.3604     3.0294     3.4281
   56.0000     3.3604     3.0294     3.4281
   56.2500     3.3604     3.0294     3.4281
   56.5000     3.3604     3.0294     3.4281
   56.7500     3.3604     3.0294     3.4281
   57.0000     3.3604     3.0294     3.4281
   57.2500     3.3604     3.0294     3.4281
   57.5000     3.3604     3.0294     3.4281
   57.7500     3.3604     3.0294     3.4281
   58.0000     3.3604     3.0294     3.4281
   58.2500     3.3604     3.0294     3.4281
   58.5000     3.3728     3.0294     3.4370
   58.7500     3.3906     3.0294     3.4441
   59.0000     3.3929     3.0294     3.4482
   59.2500     3.4280     3.0294     3.5062
   59.5000     3.4486     3.0294     3.5500
   59.7500     3.4492     3.0294     3.5503
   60.0000     3.4825     3.0294     3.5821
