# depth_km vs_median_km_s vs_p16 vs_p84
    0.0000     1.8157     1.8111     1.8216
    0.2500     1.8157     1.8111     1.8216
    0.5000     1.8157     1.8111     1.8216
    0.7500     1.8157     1.8111     1.8216
    1.0000     1.8157     1.8111     1.8216
    1.2500     1.8157     1.8111     1.8216
    1.5000     1.8157     1.8111     1.8216
    1.7500     2.9033     2.8386     3.0027
    2.0000     2.9051     2.8408     3.0052
    2.2500     2.9051     2.8408     3.0052
    2.5000     2.9051     2.8408     3.0052
    2.7500     2.9051     2.8408     3.0052
    3.0000     2.9051     2.8408     3.0052
    3.2500     2.9051     2.8408     3.0052
    3.5000     2.9051     2.8408     3.0052
    3.7500     2.9051     2.8408     3.0052
    4.0000     2.9051     2.8408     3.0052
    4.2500     2.9051     2.8408     3.0052
    4.5000     2.9051     2.8408     3.0052
    4.7500     2.9051     2.8408     3.0052
    5.0000     2.9051     2.8408     3.0052
    5.2500     2.9051     2.8408     3.0052
    5.5000     2.9051     2.8408     3.0052
    5.7500     2.9154     2.8104     2.9807
    6.0000     2.8925     2.7852     2.9695
    6.2500     2.8925     2.7852     2.9695
    6.5000     2.8925     2.7852     2.9695
    6.7500     2.8925     2.7852     2.9695
    7.0000     2.8925     2.7852     2.9695
    7.2500     2.8925     2.7852     2.9695
    7.5000     2.8925     2.7852     2.9695
    7.7500     2.8925     2.7852     2.9695
    8.0000     2.8925     2.7852     2.9695
    8.2500     2.8925     2.7852     2.9695
    8.5000     2.8925     2.7852     2.9695
    8.7500     2.8925     2.7852     2.9695
    9.0000     2.8925     2.7852     2.9695
    9.2500     2.8925     2.7852     2.9695
    9.5000     2.8925     2.7852     2.9695
    9.7500     2.8925     2.7852     2.9695
   10.0000     2.8925     2.7852     2.9695
   10.2500     2.8925     2.7852     2.9695
   10.5000     2.8925     2.7852     2.9695
   10.7500     2.8925     2.7852     2.9695
   11.0000     2.8925     2.7852     2.9695
   11.2500     2.8925     2.7852     2.9695
   11.5000     2.8925     2.7852     2.9720
   11.7500     3.1731     2.9412     3.2597
   12.0000     3.1731     3.0353     3.2597
   12.2500     3.1731     3.0353     3.2597
   12.5000     3.1731     3.0353     3.2597
   12.7500     3.1731     3.0353     3.2597
   13.0000     3.1731     3.0353     3.2597
   13.2500     3.1731     3.0353     3.2597
   13.5000     3.1731     3.0353     3.2597
   13.7500     3.1731     3.0353     3.2597
   14.0000     3.1731     3.0353     3.2597
   14.2500     3.1731     3.0353     3.2597
   14.5000     3.1731     3.0353     3.2597
   14.7500     3.1731     3.0353     3.2597
   15.0000     3.1731     3.0353     3.2597
   15.2500     3.1731     3.0353     3.2597
   15.5000     3.1731     3.0353     3.2597
   15.7500     3.1731     3.0353     3.2597
   16.0000     3.1731     3.0353     3.2597
   16.2500     3.1731     3.0353     3.2597
   16.5000     3.1731     3.0353     3.2597
   16.7500     3.1731     3.0353     3.2597
   17.0000     3.1731     3.0353     3.2597
   17.2500     3.1731     3.0353     3.2597
   17.5000     3.1731     3.0353     3.2597
   17.7500     3.1731     3.0353     3.2597
   18.0000     3.1731     3.0353     3.2597
   18.2500     3.1731     3.0353     3.2597
   18.5000     3.1731     3.0353     3.2597
   18.7500     3.1731     3.0353     3.2597
   19.0000     3.1731     3.0353     3.2597
   19.2500     3.1731     3.0353     3.2597
   19.5000     3.2132     3.0654     3.3461
   19.7500     3.2140     3.0714     3.3461
   20.0000     3.2525     3.1303     3.3461
   20.2500     3.2525     3.1740     3.3461
   20.5000     3.2525     3.1740     3.3461
   20.7500     3.2525     3.1740     3.3461
   21.0000     3.2525     3.1740     3.3461
   21.2500     3.2525     3.1740     3.3461
   21.5000     3.2525     3.1740     3.3461
   21.7500     3.2525     3.1740     3.3461
   22.0000     3.2525     3.1740     3.3461
   22.2500     3.2525     3.1740     3.3461
   22.5000     3.2525     3.1740     3.3461
   22.7500     3.2525     3.1740     3.3461
   23.0000     3.2525     3.1740     3.3461
   23.2500     3.2525     3.1740     3.3461
   23.5000     3.2525     3.1740     3.3461
   23.7500     3.2525     3.1740     3.3461
   24.0000     3.2525     3.1740     3.3461
   24.2500     3.2525     3.1740     3.3461
   24.5000     3.2525     3.1740     3.3461
   24.7500     3.2525     3.1740     3.3461
   25.0000     3.2525     3.1740     3.3461
   25.2500     3.2525     3.1740     3.3461
   25.5000     3.2525     3.1740     3.3461
   25.7500     3.2525     3.1740     3.3461
   26.0000     3.2525     3.1740     3.3461
   26.2500     3.2525     3.1740     3.3461
   26.5000     3.2525     3.1740     3.3461
   26.7500     3.2525     3.1740     3.3461
   27.0000     3.2525     3.1740     3.3461
   27.2500     3.2525     3.1740     3.3461
   27.5000     3.2525     3.1740     3.3461
   27.7500     3.2525     3.1740     3.3461
   28.0000     3.2525     3.1740     3.3461
   28.2500     3.2525     3.1740     3.3461
   28.5000     3.2525     3.1740     3.3461
   28.7500     3.2525     3.1740     3.3461
   29.0000     3.2525     3.1740     3.3461
   29.2500     3.2525     3.1740     3.3470
   29.5000     3.2525     3.1740     3.3879
   29.7500     3.2575     3.1740     3.4126
   30.0000     3.3065     3.1839     3.4126
   30.2500     3.3319     3.1741     3.4286
   30.5000     3.3319     3.1741     3.4286
   30.7500     3.3319     3.1741     3.4286
   31.0000     3.3319     3.1741     3.4286
   31.2500     3.3319     3.1741     3.4286
   31.5000     3.3319     3.1741     3.4286
   31.7500     3.3319     3.1741     3.4286
   32.0000     3.3319     3.1741     3.4286
   32.2500     3.3319     3.1741     3.4286
   32.5000     3.3319     3.1741     3.4286
   32.7500     3.3319     3.1741     3.4286
   33.0000     3.3319     3.1741     3.4286
   33.2500     3.3319     3.1741     3.4286
   33.5000     3.3319     3.1741     3.4286
   33.7500     3.3319     3.1741     3.4286
   34.0000     3.3319     3.1741     3.4286
   34.2500     3.3319     3.1741     3.4286
   34.5000     3.3319     3.1741     3.4286
   34.7500     3.3319     3.1741     3.4286
   35.0000     3.3319     3.1741     3.4286
   35.2500     3.3319     3.1741     3.4286
   35.5000     3.3319     3.1741     3.4286
   35.7500     3.3319     3.1741     3.4286
   36.0000     3.3319     3.1741     3.4286
   36.2500     3.3319     3.1741     3.4286
   36.5000     3.3319     3.1741     3.4286
   36.7500     3.3319     3.1741     3.4286
   37.0000     3.3319     3.1741     3.4286
   37.2500     3.3319     3.1741     3.4286
   37.5000     3.3319     3.1741     3.4286
   37.7500     3.3319     3.1741     3.4286
   38.0000     3.3319     3.1741     3.4286
   38.2500     3.3319     3.1741     3.4286
   38.5000     3.3319     3.1741     3.4286
   38.7500     3.3319     3.1741     3.4286
   39.0000     3.3319     3.1741     3.4286
   39.2500     3.3319     3.1741     3.4286
   39.5000     3.3319     3.1741     3.4286
   39.7500     3.3319     3.1741     3.4286
   40.0000     3.3319     3.1741     3.4286
   40.2500     3.3319     3.1741     3.4286
   40.5000     3.3319     3.1741     3.4286
   40.7500     3.3319     3.1741     3.4286
   41.0000     3.3319     3.1741     3.4286
   41.2500     3.3319     3.1741     3.4286
   41.5000     3.3319     3.1741     3.4286
   41.7500     3.3319     3.1741     3.4286
   42.0000     3.3319     3.1741     3.4286
   42.2500     3.3319     3.1741     3.4286
   42.5000     3.3319     3.1741     3.4286
   42.7500     3.3319     3.1741     3.4286
   43.0000     3.3319     3.1741     3.4286
   43.2500     3.3319     3.1741     3.4286
   43.5000     3.3319     3.1741     3.4286
   43.7500     3.3319     3.1741     3.4286
   44.0000     3.3319     3.1741     3.4286
   44.2500     3.3319     3.1741     3.4286
   44.5000     3.3319     3.1741     3.4286
   44.7500     3.3319     3.1741     3.4286
   45.0000     3.3319     3.1741     3.4286
   45.2500     3.3319     3.1741     3.4286
   45.5000     3.3319     3.1741     3.4286
   45.7500     3.3319     3.1741     3.4286
   46.0000     3.3319     3.1741     3.4286
   46.2500     3.3319     3.1741     3.4286
   46.5000     3.3319     3.1741     3.4286
   46.7500     3.3319     3.1741     3.4286
   47.0000     3.3319     3.1741     3.4286
   47.2500     3.3319     3.1741     3.4286
   47.5000     3.3319     3.1741     3.4286
   47.7500     3.3319     3.1741     3.4286
   48.0000     3.3319     3.1741     3.4286
   48.2500     3.3319     3.1741     3.4286
   48.5000     3.3319     3.1741     3.4286
   48.7500     3.3319     3.1741     3.4286
   49.0000     3.3319     3.1741     3.4286
   49.2500     3.3319     3.1741     3.4286
   49.5000     3.3319     3.1741     3.4286
   49.7500     3.3319     3.1741     3.4286
   50.0000     3.3319     3.1741     3.4286
   50.2500     3.3319     3.1741     3.4286
   50.5000     3.3319     3.1741     3.4286
   50.7500     3.3319     3.1741     3.4286
   51.0000     3.3319     3.1741     3.4286
   51.2500     3.3319     3.1741     3.4286
   51.5000     3.3319     3.1741     3.4286
   51.7500     3.3319     3.1741     3.4286
   52.0000     3.3319     3.1741     3.4286
   52.2500     3.3319     3.1741     3.4286
   52.5000     3.3319     3.1741     3.4286
   52.7500     3.3319     3.1741     3.4286
   53.0000     3.3319     3.1741     3.4286
   53.2500     3.3319     3.1741     3.4286
   53.5000     3.3319     3.1741     3.4286
   53.7500     3.3319     3.1741     3.4286
   54.0000     3.3319     3.1741     3.4286
   54.2500     3.3319     3.1741     3.4286
   54.5000     3.3319     3.1741     3.4286
   54.7500     3.3319     3.1741     3.4286
   55.0000     3.3319     3.1741     3.4286
   55.2500     3.3319     3.1741     3.4286
   55.5000     3.3319     3.1741     3.4286
   55.7500     3.3319     3.1741     3.4286
   56.0000     3.3319     3.1741     3.4286
   56.2500     3.3319     3.1741     3.4286
   56.5000     3.3319     3.1741     3.4286
   56.7500     3.3319     3.1741     3.4286
   57.0000     3.3319     3.1741     3.4286
   57.2500     3.3319     3.1741     3.4286
   57.5000     3.3319     3.1741     3.4286
   57.7500     3.3319     3.1741     3.4286
   58.0000     3.3319     3.1741     3.4286
   58.2500     3.3319     3.1741     3.4286
   58.5000     3.3319     3.1741     3.4286
   58.7500     3.3319     3.1741     3.4286
   59.0000     3.3319     3.1741     3.4286
   59.2500     3.3330     3.1741     3.4486
   59.5000     3.3852     3.2423     3.9678
   59.7500     3.8626     3.3349     4.0222
   60.0000     3.9047     3.3373     4.0600
