# depth_km vs_median_km_s vs_p16 vs_p84
    0.0000     2.2516     2.2473     2.2551
    0.2500     2.2516     2.2473     2.2551
    0.5000     2.2516     2.2473     2.2551
    0.7500     2.2516     2.2473     2.2551
    1.0000     2.2516     2.2473     2.2551
    1.2500     2.2516     2.2473     2.2551
    1.5000     2.2516     2.2473     2.2551
    1.7500     2.2516     2.2473     2.2551
    2.0000     2.2569     2.2514     2.7887
    2.2500     2.8068     2.7746     2.8334
    2.5000     2.8068     2.7746     2.8334
    2.7500     2.8068     2.7746     2.8334
    3.0000     2.8068     2.7746     2.8334
    3.2500     2.8068     2.7746     2.8334
    3.5000     2.8068     2.7746     2.8334
    3.7500     2.8068     2.7746     2.8334
    4.0000     2.8068     2.7746     2.8334
    4.2500     2.8068     2.7746     2.8334
    4.5000     2.8068     2.7746     2.8334
    4.7500     2.8068     2.7746     2.8334
    5.0000     2.8068     2.7746     2.8334
    5.2500     2.8068     2.7746     2.8334
    5.5000     2.8068     2.7746     2.8334
    5.7500     2.8068     2.7746     2.8334
    6.0000     2.6819     2.4273     2.8332
    6.2500     2.5079     2.3251     2.6512
    6.5000     2.5079     2.3251     2.6512
    6.7500     2.5079     2.3251     2.6512
    7.0000     2.5079     2.3251     2.6512
    7.2500     2.5079     2.3251     2.6512
    7.5000     2.5079     2.3251     2.6512
    7.7500     2.5079     2.3251     2.6512
    8.0000     2.5079     2.3251     2.6512
    8.2500     2.5079     2.3251     2.6512
    8.5000     2.5079     2.3251     2.6512
    8.7500     2.5079     2.3251     2.6512
    9.0000     2.5079     2.3251     2.6512
    9.2500     2.5079     2.3251     2.6512
    9.5000     2.5079     2.3251     2.6512
    9.7500     2.5079     2.3251     2.6512
   10.0000     2.5079     2.3251     2.6512
   10.2500     2.5079     2.3251     2.6512
   10.5000     2.5079     2.3251     2.6512
   10.7500     2.5079     2.3251     2.6512
   11.0000     2.5079     2.3251     2.6512
   11.2500     2.5079     2.3251     2.6512
   11.5000     2.5079     2.3251     2.6512
   11.7500     2.5079     2.3251     2.6512
   12.0000     2.8763     2.3251     3.0387
   12.2500     2.8877     2.8321     3.0387
   12.5000     2.8877     2.8321     3.0387
   12.7500     2.8877     2.8321     3.0387
   13.0000     2.8877     2.8321     3.0387
   13.2500     2.8877     2.8321     3.0387
   13.5000     2.8877     2.8321     3.0387
   13.7500     2.8877     2.8321     3.0387
   14.0000     2.8877     2.8321     3.0387
   14.2500     2.8877     2.8321     3.0387
   14.5000     2.8877     2.8321     3.0387
   14.7500     2.8877     2.8321     3.0387
   15.0000     2.8877     2.8321     3.0387
   15.2500     2.8877     2.8321     3.0387
   15.5000     2.8877     2.8321     3.0387
   15.7500     2.8877     2.8321     3.0387
   16.0000     2.8877     2.8321     3.0387
   16.2500     2.8877     2.8321     3.0387
   16.5000     2.8877     2.8321     3.0387
   16.7500     2.8877     2.8321     3.0387
   17.0000     2.8877     2.8321     3.0387
   17.2500     2.8877     2.8321     3.0387
   17.5000     2.8877     2.8321     3.0387
   17.7500     2.8877     2.8321     3.0387
   18.0000     2.8877     2.8321     3.0387
   18.2500     2.8877     2.8321     3.0387
   18.5000     2.8877     2.8321     3.0387
   18.7500     2.8877     2.8321     3.0387
   19.0000     2.8877     2.8321     3.0387
   19.2500     2.8877     2.8321     3.0387
   19.5000     2.8877     2.8321     3.0387
   19.7500     2.9485     2.8321     3.2915
   20.0000     3.0738     2.8321     3.2915
   20.2500     3.1216     2.8755     3.2915
   20.5000     3.1216     2.9218     3.2915
   20.7500     3.1216     2.9218     3.2915
   21.0000     3.1216     2.9218     3.2915
   21.2500     3.1216     2.9218     3.2915
   21.5000     3.1216     2.9218     3.2915
   21.7500     3.1216     2.9218     3.2915
   22.0000     3.1216     2.9218     3.2915
   22.2500     3.1216     2.9218     3.2915
   22.5000     3.1216     2.9218     3.2915
   22.7500     3.1216     2.9218     3.2915
   23.0000     3.1216     2.9218     3.2915
   23.2500     3.1216     2.9218     3.2915
   23.5000     3.1216     2.9218     3.2915
   23.7500     3.1216     2.9218     3.2915
   24.0000     3.1216     2.9218     3.2915
   24.2500     3.1216     2.9218     3.2915
   24.5000     3.1216     2.9218     3.2915
   24.7500     3.1216     2.9218     3.2915
   25.0000     3.1216     2.9218     3.2915
   25.2500     3.1216     2.9218     3.2915
   25.5000     3.1216     2.9218     3.2915
   25.7500     3.1216     2.9218     3.2915
   26.0000     3.1216     2.9218     3.2915
   26.2500     3.1216     2.9218     3.2915
   26.5000     3.1216     2.9218     3.2915
   26.7500     3.1216     2.9218     3.2915
   27.0000     3.1216     2.9218     3.2915
   27.2500     3.1216     2.9218     3.2915
   27.5000     3.1216     2.9218     3.2915
   27.7500     3.1216     2.9218     3.2915
   28.0000     3.1216     2.9218     3.2915
   28.2500     3.1216     2.9218     3.2915
   28.5000     3.1216     2.9218     3.2915
   28.7500     3.1216     2.9218     3.2915
   29.0000     3.1216     2.9218     3.2915
   29.2500     3.1216     2.9218     3.2915
   29.5000     3.1216     2.9218     3.3104
   29.7500     3.1216     2.9218     3.7354
   30.0000     3.6334     2.9218     3.7793
   30.2500     3.6400     2.9218     3.7793
   30.5000     3.6875     3.4623     3.7793
   30.7500     3.6875     3.4623     3.7793
   31.0000     3.6875     3.4623     3.7793
   31.2500     3.6875     3.4623     3.7793
   31.5000     3.6875     3.4623     3.7793
   31.7500     3.6875     3.4623     3.7793
   32.0000     3.6875     3.4623     3.7793
   32.2500     3.6875     3.4623     3.7793
   32.5000     3.6875     3.4623     3.7793
   32.7500     3.6875     3.4623     3.7793
   33.0000     3.6875     3.4623     3.7793
   33.2500     3.6875     3.4623     3.7793
   33.5000     3.6875     3.4623     3.7793
   33.7500     3.6875     3.4623     3.7793
   34.0000     3.6875     3.4623     3.7793
   34.2500     3.6875     3.4623     3.7793
   34.5000     3.6875     3.4623     3.7793
   34.7500     3.6875     3.4623     3.7793
   35.0000     3.6875     3.4623     3.7793
   35.2500     3.6875     3.4623     3.7793
   35.5000     3.6875     3.4623     3.7793
   35.7500     3.6875     3.4623     3.7793
   36.0000     3.6875     3.4623     3.7793
   36.2500     3.6875     3.4623     3.7793
   36.5000     3.6875     3.4623     3.7793
   36.7500     3.6875     3.4623     3.7793
   37.0000     3.6875     3.4623     3.7793
   37.2500     3.6875     3.4623     3.7793
   37.5000     3.6875     3.4623     3.7793
   37.7500     3.6875     3.4623     3.7793
   38.0000     3.6875     3.4623     3.7793
   38.2500     3.6875     3.4623     3.7793
   38.5000     3.6875     3.4623     3.7793
   38.7500     3.6875     3.4623     3.7793
   39.0000     3.6875     3.4623     3.7793
   39.2500     3.6875     3.4623     3.7793
   39.5000     3.6875     3.4623     3.7793
   39.7500     3.6875     3.4623     3.7793
   40.0000     3.6875     3.4623     3.7793
   40.2500     3.6875     3.4623     3.7793
   40.5000     3.6875     3.4623     3.7793
   40.7500     3.6875     3.4623     3.7793
   41.0000     3.6875     3.4623     3.7793
   41.2500     3.6875     3.4623     3.7793
   41.5000     3.6875     3.4623     3.7793
   41.7500     3.6875     3.4623     3.7793
   42.0000     3.6875     3.4623     3.7793
   42.2500     3.6875     3.4623     3.7793
   42.5000     3.6875     3.4623     3.7793
   42.7500     3.6875     3.4623     3.7793
   43.0000     3.6875     3.4623     3.7793
   43.2500     3.6875     3.4623     3.7793
   43.5000     3.6875     3.4623     3.7793
   43.7500     3.6875     3.4623     3.7793
   44.0000     3.6875     3.4623     3.7793
   44.2500     3.6875     3.4623     3.7793
   44.5000     3.6875     3.4623     3.7793
   44.7500     3.6875     3.4623     3.7793
   45.0000     3.6875     3.4623     3.7793
   45.2500     3.6875     3.4623     3.7793
   45.5000     3.6875     3.4623     3.7793
   45.7500     3.6875     3.4623     3.7793
   46.0000     3.6875     3.4623     3.7793
   46.2500     3.6875     3.4623     3.7793
   46.5000     3.6875     3.4623     3.7793
   46.7500     3.6875     3.4623     3.7793
   47.0000     3.6875     3.4623     3.7793
   47.2500     3.6875     3.4623     3.7793
   47.5000     3.6875     3.4623     3.7793
   47.7500     3.6875     3.4623     3.7793
   48.0000     3.6875     3.4623     3.7793
   48.2500     3.6875     3.4623     3.7793
   48.5000     3.6875     3.4623     3.7793
   48.7500     3.6875     3.4623     3.7793
   49.0000     3.6875     3.4623     3.7793
   49.2500     3.6875     3.4623     3.7793
   49.5000     3.6875     3.4623     3.7793
   49.7500     3.6875     3.4623     3.7793
   50.0000     3.6875     3.4623     3.7793
   50.2500     3.6875     3.4623     3.7793
   50.5000     3.6875     3.4623     3.7793
   50.7500     3.6875     3.4623     3.7793
   51.0000     3.6875     3.4623     3.7793
   51.2500     3.6875     3.4623     3.7793
   51.5000     3.6875     3.4623     3.7793
   51.7500     3.6875     3.4623     3.7793
   52.0000     3.6875     3.4623     3.7793
   52.2500     3.6875     3.4623     3.7793
   52.5000     3.6875     3.4623     3.7793
   52.7500     3.6875     3.4623     3.7793
   53.0000     3.6875     3.4623     3.7793
   53.2500     3.6875     3.4623     3.7793
   53.5000     3.6875     3.4623     3.7793
   53.7500     3.6875     3.4623     3.7793
   54.0000     3.6875     3.4623     3.7793
   54.2500     3.6875     3.4623     3.7793
   54.5000     3.6875     3.4623     3.7793
   54.7500     3.6875     3.4623     3.7793
   55.0000     3.6875     3.4623     3.7793
   55.2500     3.6875     3.4623     3.7793
   55.5000     3.6875     3.4623     3.7793
   55.7500     3.6875     3.4623     3.7793
   56.0000     3.6875     3.4623     3.7793
   56.2500     3.6875     3.4623     3.7793
   56.5000     3.6875     3.4623     3.7793
   56.7500     3.6875     3.4623     3.7793
   57.0000     3.6875     3.4623     3.7793
   57.2500     3.6875     3.4623     3.7793
   57.5000     3.6875     3.4623     3.7793
   57.7500     3.6875     3.4623     3.7793
   58.0000     3.6875     3.4623     3.7793
   58.2500     3.6875     3.4623     3.7793
   58.5000     3.6875     3.4623     3.7793
   58.7500     3.6961     3.4623     3.7976
   59.0000     3.7111     3.4623     3.8409
   59.2500     3.7151     3.4623     4.0979
   59.5000     3.9087     3.4623     4.4091
   59.7500     4.0707     3.5953     4.4091
   60.0000     4.0750     3.6795     4.4091
