# depth_km vs_median_km_s vs_p16 vs_p84
    0.0000     1.8675     1.8442     1.8777
    0.2500     1.8675     1.8442     1.8777
    0.5000     1.8675     1.8442     1.8777
    0.7500     1.8675     1.8442     1.8777
    1.0000     1.8675     1.8442     1.8777
    1.2500     1.8675     1.8442     1.8777
    1.5000     1.8675     1.8442     1.8777
    1.7500     1.8740     1.8614     2.8358
    2.0000     2.8046     2.7450     2.8468
    2.2500     2.8046     2.7450     2.8468
    2.5000     2.8046     2.7450     2.8468
    2.7500     2.8046     2.7450     2.8468
    3.0000     2.8046     2.7450     2.8468
    3.2500     2.8046     2.7450     2.8468
    3.5000     2.8046     2.7450     2.8468
    3.7500     2.8046     2.7450     2.8468
    4.0000     2.8046     2.7450     2.8468
    4.2500     2.8046     2.7450     2.8468
    4.5000     2.8046     2.7450     2.8468
    4.7500     2.8046     2.7450     2.8468
    5.0000     2.8046     2.7450     2.8468
    5.2500     2.8046     2.7450     2.8468
    5.5000     2.8046     2.7450     2.8468
    5.7500     2.8045     2.7450     2.8409
    6.0000     2.8019     2.7198     2.8397
    6.2500     2.6372     2.4734     2.8308
    6.5000     2.6372     2.4734     2.8308
    6.7500     2.6372     2.4734     2.8308
    7.0000     2.6372     2.4734     2.8308
    7.2500     2.6372     2.4734     2.8308
    7.5000     2.6372     2.4734     2.8308
    7.7500     2.6372     2.4734     2.8308
    8.0000     2.6372     2.4734     2.8308
    8.2500     2.6372     2.4734     2.8308
    8.5000     2.6372     2.4734     2.8308
    8.7500     2.6372     2.4734     2.8308
    9.0000     2.6372     2.4734     2.8308
    9.2500     2.6372     2.4734     2.8308
    9.5000     2.6372     2.4734     2.8308
    9.7500     2.6372     2.4734     2.8308
   10.0000     2.6372     2.4734     2.8308
   10.2500     2.6372     2.4734     2.8308
   10.5000     2.6372     2.4734     2.8308
   10.7500     2.6372     2.4734     2.8308
   11.0000     2.6372     2.4734     2.8308
   11.2500     2.6372     2.4734     2.8308
   11.5000     2.6372     2.4734     2.8308
   11.7500     2.6372     2.4734     3.3770
   12.0000     2.7977     2.4853     3.3770
   12.2500     3.1679     2.7429     3.3770
   12.5000     3.1698     2.7575     3.3770
   12.7500     3.1698     2.7575     3.3770
   13.0000     3.1698     2.7575     3.3770
   13.2500     3.1698     2.7575     3.3770
   13.5000     3.1698     2.7575     3.3770
   13.7500     3.1698     2.7575     3.3770
   14.0000     3.1698     2.7575     3.3770
   14.2500     3.1698     2.7575     3.3770
   14.5000     3.1698     2.7575     3.3770
   14.7500     3.1698     2.7575     3.3770
   15.0000     3.1698     2.7575     3.3770
   15.2500     3.1698     2.7575     3.3770
   15.5000     3.1698     2.7575     3.3770
   15.7500     3.1698     2.7575     3.3770
   16.0000     3.1698     2.7575     3.3770
   16.2500     3.1698     2.7575     3.3770
   16.5000     3.1698     2.7575     3.3770
   16.7500     3.1698     2.7575     3.3770
   17.0000     3.1698     2.7575     3.3770
   17.2500     3.1698     2.7575     3.3770
   17.5000     3.1698     2.7575     3.3770
   17.7500     3.1698     2.7575     3.3770
   18.0000     3.1698     2.7575     3.3770
   18.2500     3.1698     2.7575     3.3770
   18.5000     3.1698     2.7575     3.3770
   18.7500     3.1698     2.7575     3.3770
   19.0000     3.1698     2.7575     3.3770
   19.2500     3.1698     2.7575     3.3770
   19.5000     3.1698     2.7575     3.3770
   19.7500     3.1698     2.7575     3.3770
   20.0000     3.1866     2.7575     3.3519
   20.2500     3.1868     2.7575     3.3525
   20.5000     3.2015     2.9120     3.3525
   20.7500     3.2015     2.9120     3.3525
   21.0000     3.2015     2.9120     3.3525
   21.2500     3.2015     2.9120     3.3525
   21.5000     3.2015     2.9120     3.3525
   21.7500     3.2015     2.9120     3.3525
   22.0000     3.2015     2.9120     3.3525
   22.2500     3.2015     2.9120     3.3525
   22.5000     3.2015     2.9120     3.3525
   22.7500     3.2015     2.9120     3.3525
   23.0000     3.2015     2.9120     3.3525
   23.2500     3.2015     2.9120     3.3525
   23.5000     3.2015     2.9120     3.3525
   23.7500     3.2015     2.9120     3.3525
   24.0000     3.2015     2.9120     3.3525
   24.2500     3.2015     2.9120     3.3525
   24.5000     3.2015     2.9120     3.3525
   24.7500     3.2015     2.9120     3.3525
   25.0000     3.2015     2.9120     3.3525
   25.2500     3.2015     2.9120     3.3525
   25.5000     3.2015     2.9120     3.3525
   25.7500     3.2015     2.9120     3.3525
   26.0000     3.2015     2.9120     3.3525
   26.2500     3.2015     2.9120     3.3525
   26.5000     3.2015     2.9120     3.3525
   26.7500     3.2015     2.9120     3.3525
   27.0000     3.2015     2.9120     3.3525
   27.2500     3.2015     2.9120     3.3525
   27.5000     3.2015     2.9120     3.3525
   27.7500     3.2015     2.9120     3.3525
   28.0000     3.2015     2.9120     3.3525
   28.2500     3.2015     2.9120     3.3525
   28.5000     3.2015     2.9120     3.3525
   28.7500     3.2015     2.9120     3.3525
   29.0000     3.2015     2.9120     3.3525
   29.2500     3.2015     2.9120     3.3525
   29.5000     3.2015     2.9120     3.3525
   29.7500     3.2015     2.9120     3.5022
   30.0000     3.2359     2.9120     3.5022
   30.2500     3.2429     2.9120     3.5022
   30.5000     3.3012     2.9120     3.5022
   30.7500     3.3125     3.1148     3.5022
   31.0000     3.3125     3.1150     3.5022
   31.2500     3.3125     3.1150     3.5022
   31.5000     3.3125     3.1150     3.5022
   31.7500     3.3125     3.1150     3.5022
   32.0000     3.3125     3.1150     3.5022
   32.2500     3.3125     3.1150     3.5022
   32.5000     3.3125     3.1150     3.5022
   32.7500     3.3125     3.1150     3.5022
   33.0000     3.3125     3.1150     3.5022
   33.2500     3.3125     3.1150     3.5022
   33.5000     3.3125     3.1150     3.5022
   33.7500     3.3125     3.1150     3.5022
   34.0000     3.3125     3.1150     3.5022
   34.2500     3.3125     3.1150     3.5022
   34.5000     3.3125     3.1150     3.5022
   34.7500     3.3125     3.1150     3.5022
   35.0000     3.3125     3.1150     3.5022
   35.2500     3.3125     3.1150     3.5022
   35.5000     3.3125     3.1150     3.5022
   35.7500     3.3125     3.1150     3.5022
   36.0000     3.3125     3.1150     3.5022
   36.2500     3.3125     3.1150     3.5022
   36.5000     3.3125     3.1150     3.5022
   36.7500     3.3125     3.1150     3.5022
   37.0000     3.3125     3.1150     3.5022
   37.2500     3.3125     3.1150     3.5022
   37.5000     3.3125     3.1150     3.5022
   37.7500     3.3125     3.1150     3.5022
   38.0000     3.3125     3.1150     3.5022
   38.2500     3.3125     3.1150     3.5022
   38.5000     3.3125     3.1150     3.5022
   38.7500     3.3125     3.1150     3.5022
   39.0000     3.3125     3.1150     3.5022
   39.2500     3.3125     3.1150     3.5022
   39.5000     3.3125     3.1150     3.5022
   39.7500     3.3125     3.1150     3.5022
   40.0000     3.3125     3.1150     3.5022
   40.2500     3.3125     3.1150     3.5022
   40.5000     3.3125     3.1150     3.5022
   40.7500     3.3125     3.1150     3.5022
   41.0000     3.3125     3.1150     3.5022
   41.2500     3.3125     3.1150     3.5022
   41.5000     3.3125     3.1150     3.5022
   41.7500     3.3125     3.1150     3.5022
   42.0000     3.3125     3.1150     3.5022
   42.2500     3.3125     3.1150     3.5022
   42.5000     3.3125     3.1150     3.5022
   42.7500     3.3125     3.1150     3.5022
   43.0000     3.3125     3.1150     3.5022
   43.2500     3.3125     3.1150     3.5022
   43.5000     3.3125     3.1150     3.5022
   43.7500     3.3125     3.1150     3.5022
   44.0000     3.3125     3.1150     3.5022
   44.2500     3.3125     3.1150     3.5022
   44.5000     3.3125     3.1150     3.5022
   44.7500     3.3125     3.1150     3.5022
   45.0000     3.3125     3.1150     3.5022
   45.2500     3.3125     3.1150     3.5022
   45.5000     3.3125     3.1150     3.5022
   45.7500     3.3125     3.1150     3.5022
   46.0000     3.3125     3.1150     3.5022
   46.2500     3.3125     3.1150     3.5022
   46.5000     3.3125     3.1150     3.5022
   46.7500     3.3125     3.1150     3.5022
   47.0000     3.3125     3.1150     3.5022
   47.2500     3.3125     3.1150     3.5022
   47.5000     3.3125     3.1150     3.5022
   47.7500     3.3125     3.1150     3.5022
   48.0000     3.3125     3.1150     3.5022
   48.2500     3.3125     3.1150     3.5022
   48.5000     3.3125     3.1150     3.5022
   48.7500     3.3125     3.1150     3.5022
   49.0000     3.3125     3.1150     3.5022
   49.2500     3.3125     3.1150     3.5022
   49.5000     3.3125     3.1150     3.5022
   49.7500     3.3125     3.1150     3.5022
   50.0000     3.3125     3.1150     3.5022
   50.2500     3.3125     3.1150     3.5022
   50.5000     3.3125     3.1150     3.5022
   50.7500     3.3125     3.1150     3.5022
   51.0000     3.3125     3.1150     3.5022
   51.2500     3.3125     3.1150     3.5022
   51.5000     3.3125     3.1150     3.5022
   51.7500     3.3125     3.1150     3.5022
   52.0000     3.3125     3.1150     3.5022
   52.2500     3.3125     3.1150     3.5022
   52.5000     3.3125     3.1150     3.5022
   52.7500     3.3125     3.1150     3.5022
   53.0000     3.3125     3.1150     3.5022
   53.2500     3.3125     3.1150     3.5022
   53.5000     3.3125     3.1150     3.5022
   53.7500     3.3125     3.1150     3.5022
   54.0000     3.3125     3.1150     3.5022
   54.2500     3.3125     3.1150     3.5022
   54.5000     3.3125     3.1150     3.5022
   54.7500     3.3125     3.1150     3.5022
   55.0000     3.3125     3.1150     3.5022
   55.2500     3.3125     3.1150     3.5022
   55.5000     3.3125     3.1150     3.5022
   55.7500     3.3125     3.1150     3.5022
   56.0000     3.3125     3.1150     3.5022
   56.2500     3.3125     3.1150     3.5022
   56.5000     3.3125     3.1150     3.5022
   56.7500     3.3125     3.1150     3.5022
   57.0000     3.3125     3.1150     3.5022
   57.2500     3.3125     3.1150     3.5022
   57.5000     3.3125     3.1150     3.5022
   57.7500     3.3125     3.1150     3.5162
   58.0000     3.3125     3.1150     3.5213
   58.2500     3.3125     3.1150     3.5262
   58.5000     3.3125     3.1150     3.5327
   58.7500     3.3153     3.1150     3.5644
   59.0000     3.3192     3.1150     3.6988
   59.2500     3.3576     3.1150     3.7250
   59.5000     3.5242     3.1363     3.7482
   59.7500     3.6127     3.2148     3.8421
   60.0000     3.6569     3.3494     3.8621
