# depth_km vs_median_km_s vs_p16 vs_p84
    0.0000     1.9997     1.9956     2.0054
    0.2500     1.9997     1.9956     2.0054
    0.5000     1.9997     1.9956     2.0054
    0.7500     1.9997     1.9956     2.0054
    1.0000     1.9997     1.9956     2.0054
    1.2500     1.9997     1.9956     2.0054
    1.5000     1.9997     1.9956     2.0054
    1.7500     1.9997     1.9956     2.0054
    2.0000     3.0166     2.9850     3.0559
    2.2500     3.0166     2.9850     3.0559
    2.5000     3.0166     2.9850     3.0559
    2.7500     3.0166     2.9850     3.0559
    3.0000     3.0166     2.9850     3.0559
    3.2500     3.0166     2.9850     3.0559
    3.5000     3.0166     2.9850     3.0559
    3.7500     3.0166     2.9850     3.0559
    4.0000     3.0166     2.9850     3.0559
    4.2500     3.0166     2.9850     3.0559
    4.5000     3.0166     2.9850     3.0559
    4.7500     3.0166     2.9850     3.0559
    5.0000     3.0166     2.9850     3.0559
    5.2500     3.0166     2.9850     3.0559
    5.5000     3.0166     2.9850     3.0559
    5.7500     3.0166     2.9792     3.0559
    6.0000     2.8715     2.7673     2.9965
    6.2500     2.8381     2.7548     2.9056
    6.5000     2.8381     2.7548     2.9056
    6.7500     2.8381     2.7548     2.9056
    7.0000     2.8381     2.7548     2.9056
    7.2500     2.8381     2.7548     2.9056
    7.5000     2.8381     2.7548     2.9056
    7.7500     2.8381     2.7548     2.9056
    8.0000     2.8381     2.7548     2.9056
    8.2500     2.8381     2.7548     2.9056
    8.5000     2.8381     2.7548     2.9056
    8.7500     2.8381     2.7548     2.9056
    9.0000     2.8381     2.7548     2.9056
    9.2500     2.8381     2.7548     2.9056
    9.5000     2.8381     2.7548     2.9056
    9.7500     2.8381     2.7548     2.9056
   10.0000     2.8381     2.7548     2.9056
   10.2500     2.8381     2.7548     2.9056
   10.5000     2.8381     2.7548     2.9056
   10.7500     2.8381     2.7548     2.9056
   11.0000     2.8381     2.7548     2.9056
   11.2500     2.8381     2.7548     2.9056
   11.5000     2.8381     2.7548     2.9056
   11.7500     2.8381     2.7548     2.9179
   12.0000     3.0906     2.9614     3.2330
   12.2500     3.0906     3.0064     3.2330
   12.5000     3.0906     3.0064     3.2330
   12.7500     3.0906     3.0064     3.2330
   13.0000     3.0906     3.0064     3.2330
   13.2500     3.0906     3.0064     3.2330
   13.5000     3.0906     3.0064     3.2330
   13.7500     3.0906     3.0064     3.2330
   14.0000     3.0906     3.0064     3.2330
   14.2500     3.0906     3.0064     3.2330
   14.5000     3.0906     3.0064     3.2330
   14.7500     3.0906     3.0064     3.2330
   15.0000     3.0906     3.0064     3.2330
   15.2500     3.0906     3.0064     3.2330
   15.5000     3.0906     3.0064     3.2330
   15.7500     3.0906     3.0064     3.2330
   16.0000     3.0906     3.0064     3.2330
   16.2500     3.0906     3.0064     3.2330
   16.5000     3.0906     3.0064     3.2330
   16.7500     3.0906     3.0064     3.2330
   17.0000     3.0906     3.0064     3.2330
   17.2500     3.0906     3.0064     3.2330
   17.5000     3.0906     3.0064     3.2330
   17.7500     3.0906     3.0064     3.2330
   18.0000     3.0906     3.0064     3.2330
   18.2500     3.0906     3.0064     3.2330
   18.5000     3.0906     3.0064     3.2330
   18.7500     3.0906     3.0064     3.2330
   19.0000     3.0906     3.0064     3.2330
   19.2500     3.0906     3.0064     3.2330
   19.5000     3.0906     3.0064     3.2352
   19.7500     3.1341     3.0147     3.2898
   20.0000     3.1299     3.0470     3.2898
   20.2500     3.1228     3.0508     3.2898
   20.5000     3.1421     3.0613     3.2898
   20.7500     3.1421     3.0613     3.2898
   21.0000     3.1421     3.0613     3.2898
   21.2500     3.1421     3.0613     3.2898
   21.5000     3.1421     3.0613     3.2898
   21.7500     3.1421     3.0613     3.2898
   22.0000     3.1421     3.0613     3.2898
   22.2500     3.1421     3.0613     3.2898
   22.5000     3.1421     3.0613     3.2898
   22.7500     3.1421     3.0613     3.2898
   23.0000     3.1421     3.0613     3.2898
   23.2500     3.1421     3.0613     3.2898
   23.5000     3.1421     3.0613     3.2898
   23.7500     3.1421     3.0613     3.2898
   24.0000     3.1421     3.0613     3.2898
   24.2500     3.1421     3.0613     3.2898
   24.5000     3.1421     3.0613     3.2898
   24.7500     3.1421     3.0613     3.2898
   25.0000     3.1421     3.0613     3.2898
   25.2500     3.1421     3.0613     3.2898
   25.5000     3.1421     3.0613     3.2898
   25.7500     3.1421     3.0613     3.2898
   26.0000     3.1421     3.0613     3.2898
   26.2500     3.1421     3.0613     3.2898
   26.5000     3.1421     3.0613     3.2898
   26.7500     3.1421     3.0613     3.2898
   27.0000     3.1421     3.0613     3.2898
   27.2500     3.1421     3.0613     3.2898
   27.5000     3.1421     3.0613     3.2898
   27.7500     3.1421     3.0613     3.2898
   28.0000     3.1421     3.0613     3.2898
   28.2500     3.1421     3.0613     3.2898
   28.5000     3.1421     3.0613     3.2898
   28.7500     3.1421     3.0613     3.2898
   29.0000     3.1421     3.0613     3.2898
   29.2500     3.1421     3.0613     3.2898
   29.5000     3.1421     3.0613     3.4956
   29.7500     3.1421     3.0613     3.5183
   30.0000     3.4699     3.0712     3.5793
   30.2500     3.5011     3.2681     3.5969
   30.5000     3.5026     3.3747     3.5969
   30.7500     3.5026     3.3747     3.5969
   31.0000     3.5026     3.3747     3.5969
   31.2500     3.5026     3.3747     3.5969
   31.5000     3.5026     3.3747     3.5969
   31.7500     3.5026     3.3747     3.5969
   32.0000     3.5026     3.3747     3.5969
   32.2500     3.5026     3.3747     3.5969
   32.5000     3.5026     3.3747     3.5969
   32.7500     3.5026     3.3747     3.5969
   33.0000     3.5026     3.3747     3.5969
   33.2500     3.5026     3.3747     3.5969
   33.5000     3.5026     3.3747     3.5969
   33.7500     3.5026     3.3747     3.5969
   34.0000     3.5026     3.3747     3.5969
   34.2500     3.5026     3.3747     3.5969
   34.5000     3.5026     3.3747     3.5969
   34.7500     3.5026     3.3747     3.5969
   35.0000     3.5026     3.3747     3.5969
   35.2500     3.5026     3.3747     3.5969
   35.5000     3.5026     3.3747     3.5969
   35.7500     3.5026     3.3747     3.5969
   36.0000     3.5026     3.3747     3.5969
   36.2500     3.5026     3.3747     3.5969
   36.5000     3.5026     3.3747     3.5969
   36.7500     3.5026     3.3747     3.5969
   37.0000     3.5026     3.3747     3.5969
   37.2500     3.5026     3.3747     3.5969
   37.5000     3.5026     3.3747     3.5969
   37.7500     3.5026     3.3747     3.5969
   38.0000     3.5026     3.3747     3.5969
   38.2500     3.5026     3.3747     3.5969
   38.5000     3.5026     3.3747     3.5969
   38.7500     3.5026     3.3747     3.5969
   39.0000     3.5026     3.3747     3.5969
   39.2500     3.5026     3.3747     3.5969
   39.5000     3.5026     3.3747     3.5969
   39.7500     3.5026     3.3747     3.5969
   40.0000     3.5026     3.3747     3.5969
   40.2500     3.5026     3.3747     3.5969
   40.5000     3.5026     3.3747     3.5969
   40.7500     3.5026     3.3747     3.5969
   41.0000     3.5026     3.3747     3.5969
   41.2500     3.5026     3.3747     3.5969
   41.5000     3.5026     3.3747     3.5969
   41.7500     3.5026     3.3747     3.5969
   42.0000     3.5026     3.3747     3.5969
   42.2500     3.5026     3.3747     3.5969
   42.5000     3.5026     3.3747     3.5969
   42.7500     3.5026     3.3747     3.5969
   43.0000     3.5026     3.3747     3.5969
   43.2500     3.5026     3.3747     3.5969
   43.5000     3.5026     3.3747     3.5969
   43.7500     3.5026     3.3747     3.5969
   44.0000     3.5026     3.3747     3.5969
   44.2500     3.5026     3.3747     3.5969
   44.5000     3.5026     3.3747     3.5969
   44.7500     3.5026     3.3747     3.5969
   45.0000     3.5026     3.3747     3.5969
   45.2500     3.5026     3.3747     3.5969
   45.5000     3.5026     3.3747     3.5969
   45.7500     3.5026     3.3747     3.5969
   46.0000     3.5026     3.3747     3.5969
   46.2500     3.5026     3.3747     3.5969
   46.5000     3.5026     3.3747     3.5969
   46.7500     3.5026     3.3747     3.5969
   47.0000     3.5026     3.3747     3.5969
   47.2500     3.5026     3.3747     3.5969
   47.5000     3.5026     3.3747     3.5969
   47.7500     3.5026     3.3747     3.5969
   48.0000     3.5026     3.3747     3.5969
   48.2500     3.5026     3.3747     3.5969
   48.5000     3.5026     3.3747     3.5969
   48.7500     3.5026     3.3747     3.5969
   49.0000     3.5026     3.3747     3.5969
   49.2500     3.5026     3.3747     3.5969
   49.5000     3.5026     3.3747     3.5969
   49.7500     3.5026     3.3747     3.5969
   50.0000     3.5026     3.3747     3.5969
   50.2500     3.5026     3.3747     3.5969
   50.5000     3.5026     3.3747     3.5969
   50.7500     3.5026     3.3747     3.5969
   51.0000     3.5026     3.3747     3.5969
   51.2500     3.5026     3.3747     3.5969
   51.5000     3.5026     3.3747     3.5969
   51.7500     3.5026     3.3747     3.5969
   52.0000     3.5026     3.3747     3.5969
   52.2500     3.5026     3.3747     3.5969
   52.5000     3.5026     3.3747     3.5969
   52.7500     3.5026     3.3747     3.5969
   53.0000     3.5026     3.3747     3.5969
   53.2500     3.5026     3.3747     3.5969
   53.5000     3.5026     3.3747     3.5969
   53.7500     3.5026     3.3747     3.5969
   54.0000     3.5026     3.3747     3.5969
   54.2500     3.5026     3.3747     3.5969
   54.5000     3.5026     3.3747     3.5969
   54.7500     3.5026     3.3747     3.5969
   55.0000     3.5026     3.3747     3.5969
   55.2500     3.5026     3.3747     3.5969
   55.5000     3.5026     3.3747     3.5969
   55.7500     3.5026     3.3747     3.5969
   56.0000     3.5026     3.3747     3.5969
   56.2500     3.5026     3.3747     3.5969
   56.5000     3.5026     3.3747     3.5969
   56.7500     3.5026     3.3747     3.5969
   57.0000     3.5026     3.3747     3.5969
   57.2500     3.5026     3.3747     3.5969
   57.5000     3.5026     3.3747     3.5969
   57.7500     3.5026     3.3747     3.5969
   58.0000     3.5026     3.3747     3.5969
   58.2500     3.5026     3.3747     3.5969
   58.5000     3.5026     3.3747     3.5969
   58.7500     3.5026     3.3747     3.5969
   59.0000     3.5099     3.3747     3.6441
   59.2500     3.5562     3.3804     3.8737
   59.5000     3.7201     3.3974     3.9618
   59.7500     3.7793     3.4260     3.9693
   60.0000     3.7867     3.4904     3.9693
