# depth_km vs_median_km_s vs_p16 vs_p84
    0.0000     1.9677     1.9644     1.9708
    0.2500     1.9677     1.9644     1.9708
    0.5000     1.9677     1.9644     1.9708
    0.7500     1.9677     1.9644     1.9708
    1.0000     1.9677     1.9644     1.9708
    1.2500     1.9677     1.9644     1.9708
    1.5000     1.9677     1.9644     1.9708
    1.7500     1.9677     1.9644     1.9709
    2.0000     2.9284     2.8708     2.9850
    2.2500     2.9284     2.8708     2.9850
    2.5000     2.9284     2.8708     2.9850
    2.7500     2.9284     2.8708     2.9850
    3.0000     2.9284     2.8708     2.9850
    3.2500     2.9284     2.8708     2.9850
    3.5000     2.9284     2.8708     2.9850
    3.7500     2.9284     2.8708     2.9850
    4.0000     2.9284     2.8708     2.9850
    4.2500     2.9284     2.8708     2.9850
    4.5000     2.9284     2.8708     2.9850
    4.7500     2.9284     2.8708     2.9850
    5.0000     2.9284     2.8708     2.9850
    5.2500     2.9284     2.8708     2.9850
    5.5000     2.9284     2.8708     2.9850
    5.7500     2.9244     2.8364     2.9850
    6.0000     2.6084     2.5364     2.7781
    6.2500     2.5809     2.5364     2.7502
    6.5000     2.5809     2.5364     2.7502
    6.7500     2.5809     2.5364     2.7502
    7.0000     2.5809     2.5364     2.7502
    7.2500     2.5809     2.5364     2.7502
    7.5000     2.5809     2.5364     2.7502
    7.7500     2.5809     2.5364     2.7502
    8.0000     2.5809     2.5364     2.7502
    8.2500     2.5809     2.5364     2.7502
    8.5000     2.5809     2.5364     2.7502
    8.7500     2.5809     2.5364     2.7502
    9.0000     2.5809     2.5364     2.7502
    9.2500     2.5809     2.5364     2.7502
    9.5000     2.5809     2.5364     2.7502
    9.7500     2.5809     2.5364     2.7502
   10.0000     2.5809     2.5364     2.7502
   10.2500     2.5809     2.5364     2.7502
   10.5000     2.5809     2.5364     2.7502
   10.7500     2.5809     2.5364     2.7502
   11.0000     2.5809     2.5364     2.7502
   11.2500     2.5809     2.5364     2.7502
   11.5000     2.5809     2.5364     2.7502
   11.7500     2.5836     2.5364     2.8023
   12.0000     2.6603     2.6155     2.9151
   12.2500     2.6684     2.6222     2.9151
   12.5000     2.6684     2.6222     2.9151
   12.7500     2.6684     2.6222     2.9151
   13.0000     2.6684     2.6222     2.9151
   13.2500     2.6684     2.6222     2.9151
   13.5000     2.6684     2.6222     2.9151
   13.7500     2.6684     2.6222     2.9151
   14.0000     2.6684     2.6222     2.9151
   14.2500     2.6684     2.6222     2.9151
   14.5000     2.6684     2.6222     2.9151
   14.7500     2.6684     2.6222     2.9151
   15.0000     2.6684     2.6222     2.9151
   15.2500     2.6684     2.6222     2.9151
   15.5000     2.6684     2.6222     2.9151
   15.7500     2.6684     2.6222     2.9151
   16.0000     2.6684     2.6222     2.9151
   16.2500     2.6684     2.6222     2.9151
   16.5000     2.6684     2.6222     2.9151
   16.7500     2.6684     2.6222     2.9151
   17.0000     2.6684     2.6222     2.9151
   17.2500     2.6684     2.6222     2.9151
   17.5000     2.6684     2.6222     2.9151
   17.7500     2.6684     2.6222     2.9151
   18.0000     2.6684     2.6222     2.9151
   18.2500     2.6684     2.6222     2.9151
   18.5000     2.6684     2.6222     2.9151
   18.7500     2.6684     2.6222     2.9151
   19.0000     2.6684     2.6222     2.9151
   19.2500     2.6684     2.6222     2.9151
   19.5000     2.6684     2.6222     2.9151
   19.7500     2.7448     2.6269     3.2987
   20.0000     3.1195     2.6794     3.2987
   20.2500     3.1444     3.0260     3.2987
   20.5000     3.1444     3.0260     3.2987
   20.7500     3.1444     3.0260     3.2987
   21.0000     3.1444     3.0260     3.2987
   21.2500     3.1444     3.0260     3.2987
   21.5000     3.1444     3.0260     3.2987
   21.7500     3.1444     3.0260     3.2987
   22.0000     3.1444     3.0260     3.2987
   22.2500     3.1444     3.0260     3.2987
   22.5000     3.1444     3.0260     3.2987
   22.7500     3.1444     3.0260     3.2987
   23.0000     3.1444     3.0260     3.2987
   23.2500     3.1444     3.0260     3.2987
   23.5000     3.1444     3.0260     3.2987
   23.7500     3.1444     3.0260     3.2987
   24.0000     3.1444     3.0260     3.2987
   24.2500     3.1444     3.0260     3.2987
   24.5000     3.1444     3.0260     3.2987
   24.7500     3.1444     3.0260     3.2987
   25.0000     3.1444     3.0260     3.2987
   25.2500     3.1444     3.0260     3.2987
   25.5000     3.1444     3.0260     3.2987
   25.7500     3.1444     3.0260     3.2987
   26.0000     3.1444     3.0260     3.2987
   26.2500     3.1444     3.0260     3.2987
   26.5000     3.1444     3.0260     3.2987
   26.7500     3.1444     3.0260     3.2987
   27.0000     3.1444     3.0260     3.2987
   27.2500     3.1444     3.0260     3.2987
   27.5000     3.1444     3.0260     3.2987
   27.7500     3.1444     3.0260     3.2987
   28.0000     3.1444     3.0260     3.2987
   28.2500     3.1444     3.0260     3.2987
   28.5000     3.1444     3.0260     3.2987
   28.7500     3.1444     3.0260     3.2987
   29.0000     3.1444     3.0260     3.2987
   29.2500     3.1444     3.0260     3.2987
   29.5000     3.1444     3.0260     3.3043
   29.7500     3.1444     3.0260     3.8260
   30.0000     3.6290     3.0962     3.8260
   30.2500     3.6596     3.4805     3.8260
   30.5000     3.6596     3.4919     3.8260
   30.7500     3.6596     3.4919     3.8260
   31.0000     3.6596     3.4919     3.8260
   31.2500     3.6596     3.4919     3.8260
   31.5000     3.6596     3.4919     3.8260
   31.7500     3.6596     3.4919     3.8260
   32.0000     3.6596     3.4919     3.8260
   32.2500     3.6596     3.4919     3.8260
   32.5000     3.6596     3.4919     3.8260
   32.7500     3.6596     3.4919     3.8260
   33.0000     3.6596     3.4919     3.8260
   33.2500     3.6596     3.4919     3.8260
   33.5000     3.6596     3.4919     3.8260
   33.7500     3.6596     3.4919     3.8260
   34.0000     3.6596     3.4919     3.8260
   34.2500     3.6596     3.4919     3.8260
   34.5000     3.6596     3.4919     3.8260
   34.7500     3.6596     3.4919     3.8260
   35.0000     3.6596     3.4919     3.8260
   35.2500     3.6596     3.4919     3.8260
   35.5000     3.6596     3.4919     3.8260
   35.7500     3.6596     3.4919     3.8260
   36.0000     3.6596     3.4919     3.8260
   36.2500     3.6596     3.4919     3.8260
   36.5000     3.6596     3.4919     3.8260
   36.7500     3.6596     3.4919     3.8260
   37.0000     3.6596     3.4919     3.8260
   37.2500     3.6596     3.4919     3.8260
   37.5000     3.6596     3.4919     3.8260
   37.7500     3.6596     3.4919     3.8260
   38.0000     3.6596     3.4919     3.8260
   38.2500     3.6596     3.4919     3.8260
   38.5000     3.6596     3.4919     3.8260
   38.7500     3.6596     3.4919     3.8260
   39.0000     3.6596     3.4919     3.8260
   39.2500     3.6596     3.4919     3.8260
   39.5000     3.6596     3.4919     3.8260
   39.7500     3.6596     3.4919     3.8260
   40.0000     3.6596     3.4919     3.8260
   40.2500     3.6596     3.4919     3.8260
   40.5000     3.6596     3.4919     3.8260
   40.7500     3.6596     3.4919     3.8260
   41.0000     3.6596     3.4919     3.8260
   41.2500     3.6596     3.4919     3.8260
   41.5000     3.6596     3.4919     3.8260
   41.7500     3.6596     3.4919     3.8260
   42.0000     3.6596     3.4919     3.8260
   42.2500     3.6596     3.4919     3.8260
   42.5000     3.6596     3.4919     3.8260
   42.7500     3.6596     3.4919     3.8260
   43.0000     3.6596     3.4919     3.8260
   43.2500     3.6596     3.4919     3.8260
   43.5000     3.6596     3.4919     3.8260
   43.7500     3.6596     3.4919     3.8260
   44.0000     3.6596     3.4919     3.8260
   44.2500     3.6596     3.4919     3.8260
   44.5000     3.6596     3.4919     3.8260
   44.7500     3.6596     3.4919     3.8260
   45.0000     3.6596     3.4919     3.8260
   45.2500     3.6596     3.4919     3.8260
   45.5000     3.6596     3.4919     3.8260
   45.7500     3.6596     3.4919     3.8260
   46.0000     3.6596     3.4919     3.8260
   46.2500     3.6596     3.4919     3.8260
   46.5000     3.6596     3.4919     3.8260
   46.7500     3.6596     3.4919     3.8260
   47.0000     3.6596     3.4919     3.8260
   47.2500     3.6596     3.4919     3.8260
   47.5000     3.6596     3.4919     3.8260
   47.7500     3.6596     3.4919     3.8260
   48.0000     3.6596     3.4919     3.8260
   48.2500     3.6596     3.4919     3.8260
   48.5000     3.6596     3.4919     3.8260
   48.7500     3.6596     3.4919     3.8260
   49.0000     3.6596     3.4919     3.8260
   49.2500     3.6596     3.4919     3.8260
   49.5000     3.6596     3.4919     3.8260
   49.7500     3.6596     3.4919     3.8260
   50.0000     3.6596     3.4919     3.8260
   50.2500     3.6596     3.4919     3.8260
   50.5000     3.6596     3.4919     3.8260
   50.7500     3.6596     3.4919     3.8260
   51.0000     3.6596     3.4919     3.8260
   51.2500     3.6596     3.4919     3.8260
   51.5000     3.6596     3.4919     3.8260
   51.7500     3.6596     3.4919     3.8260
   52.0000     3.6596     3.4919     3.8260
   52.2500     3.6596     3.4919     3.8260
   52.5000     3.6596     3.4919     3.8260
   52.7500     3.6596     3.4919     3.8260
   53.0000     3.6596     3.4919     3.8260
   53.2500     3.6596     3.4919     3.8260
   53.5000     3.6596     3.4919     3.8260
   53.7500     3.6596     3.4919     3.8260
   54.0000     3.6596     3.4919     3.8260
   54.2500     3.6596     3.4919     3.8260
   54.5000     3.6596     3.4919     3.8260
   54.7500     3.6596     3.4919     3.8260
   55.0000     3.6596     3.4919     3.8260
   55.2500     3.6596     3.4919     3.8260
   55.5000     3.6596     3.4919     3.8260
   55.7500     3.6596     3.4919     3.8260
   56.0000     3.6596     3.4919     3.8260
   56.2500     3.6596     3.4919     3.8260
   56.5000     3.6596     3.4919     3.8260
   56.7500     3.6596     3.4919     3.8260
   57.0000     3.6596     3.4919     3.8260
   57.2500     3.6596     3.4919     3.8260
   57.5000     3.6596     3.4919     3.8260
   57.7500     3.6596     3.4919     3.8260
   58.0000     3.6596     3.4919     3.8260
   58.2500     3.6596     3.4919     3.8260
   58.5000     3.6596     3.4919     3.8260
   58.7500     3.6596     3.4919     3.8260
   59.0000     3.6646     3.4919     3.8327
   59.2500     3.7008     3.4919     4.0842
   59.5000     3.7046     3.6102     4.0864
   59.7500     4.0468     3.6452     4.3367
   60.0000     4.0504     3.6583     4.3378
